 #This file contains the density of states for the ensemble. First column is
 # right edge of bin, fraction of contributions per bin
 #Disorder Strength =    10.00000    
 #Bond Cutoff =    1.000000    
 #Interaction strength =    6.000000    
 #Dimensions =         1000
 #Number of systems =        10000
 -6.9860     0.36897E-02
 -6.9720     0.36280E-02
 -6.9580     0.34925E-02
 -6.9440     0.35587E-02
 -6.9300     0.36198E-02
 -6.9160     0.34709E-02
 -6.9020     0.38591E-02
 -6.8880     0.36364E-02
 -6.8740     0.36918E-02
 -6.8600     0.36907E-02
 -6.8460     0.37261E-02
 -6.8320     0.35665E-02
 -6.8180     0.36112E-02
 -6.8040     0.35231E-02
 -6.7900     0.36136E-02
 -6.7760     0.37066E-02
 -6.7620     0.35873E-02
 -6.7480     0.38007E-02
 -6.7340     0.35783E-02
 -6.7200     0.36640E-02
 -6.7060     0.37371E-02
 -6.6920     0.37252E-02
 -6.6780     0.35908E-02
 -6.6640     0.37426E-02
 -6.6500     0.36527E-02
 -6.6360     0.37865E-02
 -6.6220     0.36663E-02
 -6.6080     0.39170E-02
 -6.5940     0.38035E-02
 -6.5800     0.37361E-02
 -6.5660     0.35813E-02
 -6.5520     0.36378E-02
 -6.5380     0.35450E-02
 -6.5240     0.37159E-02
 -6.5100     0.40929E-02
 -6.4960     0.36867E-02
 -6.4820     0.36555E-02
 -6.4680     0.35506E-02
 -6.4540     0.34982E-02
 -6.4400     0.34536E-02
 -6.4260     0.34950E-02
 -6.4120     0.35452E-02
 -6.3980     0.35018E-02
 -6.3840     0.35136E-02
 -6.3700     0.34577E-02
 -6.3560     0.33782E-02
 -6.3420     0.34888E-02
 -6.3280     0.35140E-02
 -6.3140     0.36224E-02
 -6.3000     0.34925E-02
 -6.2860     0.34646E-02
 -6.2720     0.33350E-02
 -6.2580     0.32805E-02
 -6.2440     0.35223E-02
 -6.2300     0.33206E-02
 -6.2160     0.32286E-02
 -6.2020     0.34975E-02
 -6.1880     0.33601E-02
 -6.1740     0.32132E-02
 -6.1600     0.31908E-02
 -6.1460     0.44125E-02
 -6.1320     0.32641E-02
 -6.1180     0.31928E-02
 -6.1040     0.33161E-02
 -6.0900     0.33253E-02
 -6.0760     0.31358E-02
 -6.0620     0.31899E-02
 -6.0480     0.32242E-02
 -6.0340     0.31472E-02
 -6.0200     0.31720E-02
 -6.0060     0.31203E-02
 -5.9920     0.24513E-01
 -5.9780     0.41519E-01
 -5.9640     0.41714E-01
 -5.9500     0.41347E-01
 -5.9360     0.41816E-01
 -5.9220     0.41706E-01
 -5.9080     0.41584E-01
 -5.8940     0.40811E-01
 -5.8800     0.40926E-01
 -5.8660     0.41444E-01
 -5.8520     0.41244E-01
 -5.8380     0.41848E-01
 -5.8240     0.40603E-01
 -5.8100     0.40881E-01
 -5.7960     0.41023E-01
 -5.7820     0.40572E-01
 -5.7680     0.40629E-01
 -5.7540     0.40426E-01
 -5.7400     0.41111E-01
 -5.7260     0.40508E-01
 -5.7120     0.41324E-01
 -5.6980     0.40528E-01
 -5.6840     0.41099E-01
 -5.6700     0.40939E-01
 -5.6560     0.41507E-01
 -5.6420     0.40894E-01
 -5.6280     0.40889E-01
 -5.6140     0.41447E-01
 -5.6000     0.40601E-01
 -5.5860     0.40476E-01
 -5.5720     0.41135E-01
 -5.5580     0.41448E-01
 -5.5440     0.41349E-01
 -5.5300     0.41055E-01
 -5.5160     0.41291E-01
 -5.5020     0.41548E-01
 -5.4880     0.41001E-01
 -5.4740     0.40286E-01
 -5.4600     0.41208E-01
 -5.4460     0.40995E-01
 -5.4320     0.41361E-01
 -5.4180     0.41354E-01
 -5.4040     0.41069E-01
 -5.3900     0.41283E-01
 -5.3760     0.40765E-01
 -5.3620     0.40369E-01
 -5.3480     0.40804E-01
 -5.3340     0.41332E-01
 -5.3200     0.41150E-01
 -5.3060     0.41128E-01
 -5.2920     0.40675E-01
 -5.2780     0.40876E-01
 -5.2640     0.40849E-01
 -5.2500     0.40511E-01
 -5.2360     0.40744E-01
 -5.2220     0.41425E-01
 -5.2080     0.40937E-01
 -5.1940     0.41100E-01
 -5.1800     0.41362E-01
 -5.1660     0.42625E-01
 -5.1520     0.42668E-01
 -5.1380     0.42489E-01
 -5.1240     0.42380E-01
 -5.1100     0.42409E-01
 -5.0960     0.42774E-01
 -5.0820     0.43955E-01
 -5.0680     0.43067E-01
 -5.0540     0.43252E-01
 -5.0400     0.43934E-01
 -5.0260     0.44085E-01
 -5.0120     0.43703E-01
 -4.9980     0.44178E-01
 -4.9840     0.44064E-01
 -4.9700     0.43967E-01
 -4.9560     0.45354E-01
 -4.9420     0.44573E-01
 -4.9280     0.44900E-01
 -4.9140     0.44491E-01
 -4.9000     0.44432E-01
 -4.8860     0.44192E-01
 -4.8720     0.44594E-01
 -4.8580     0.45497E-01
 -4.8440     0.45087E-01
 -4.8300     0.44907E-01
 -4.8160     0.46168E-01
 -4.8020     0.45582E-01
 -4.7880     0.45737E-01
 -4.7740     0.45403E-01
 -4.7600     0.45594E-01
 -4.7460     0.45777E-01
 -4.7320     0.45668E-01
 -4.7180     0.46117E-01
 -4.7040     0.45903E-01
 -4.6900     0.46763E-01
 -4.6760     0.46129E-01
 -4.6620     0.46552E-01
 -4.6480     0.46645E-01
 -4.6340     0.46791E-01
 -4.6200     0.47218E-01
 -4.6060     0.46598E-01
 -4.5920     0.46592E-01
 -4.5780     0.46541E-01
 -4.5640     0.47192E-01
 -4.5500     0.47920E-01
 -4.5360     0.48059E-01
 -4.5220     0.47720E-01
 -4.5080     0.47668E-01
 -4.4940     0.48479E-01
 -4.4800     0.47504E-01
 -4.4660     0.48448E-01
 -4.4520     0.47678E-01
 -4.4380     0.47921E-01
 -4.4240     0.48253E-01
 -4.4100     0.48925E-01
 -4.3960     0.47897E-01
 -4.3820     0.48134E-01
 -4.3680     0.48876E-01
 -4.3540     0.48542E-01
 -4.3400     0.48761E-01
 -4.3260     0.49188E-01
 -4.3120     0.49062E-01
 -4.2980     0.49366E-01
 -4.2840     0.49208E-01
 -4.2700     0.49367E-01
 -4.2560     0.49200E-01
 -4.2420     0.50031E-01
 -4.2280     0.49983E-01
 -4.2140     0.49506E-01
 -4.2000     0.49265E-01
 -4.1860     0.49191E-01
 -4.1720     0.49812E-01
 -4.1580     0.49437E-01
 -4.1440     0.49721E-01
 -4.1300     0.50124E-01
 -4.1160     0.49489E-01
 -4.1020     0.50335E-01
 -4.0880     0.50092E-01
 -4.0740     0.50409E-01
 -4.0600     0.50327E-01
 -4.0460     0.50001E-01
 -4.0320     0.51109E-01
 -4.0180     0.50014E-01
 -4.0040     0.50064E-01
 -3.9900     0.51181E-01
 -3.9760     0.52310E-01
 -3.9620     0.51041E-01
 -3.9480     0.51874E-01
 -3.9340     0.50293E-01
 -3.9200     0.49706E-01
 -3.9060     0.51470E-01
 -3.8920     0.51543E-01
 -3.8780     0.51392E-01
 -3.8640     0.51939E-01
 -3.8500     0.51816E-01
 -3.8360     0.51505E-01
 -3.8220     0.52650E-01
 -3.8080     0.51914E-01
 -3.7940     0.51573E-01
 -3.7800     0.53258E-01
 -3.7660     0.51041E-01
 -3.7520     0.52384E-01
 -3.7380     0.51643E-01
 -3.7240     0.52307E-01
 -3.7100     0.52537E-01
 -3.6960     0.52070E-01
 -3.6820     0.54760E-01
 -3.6680     0.52727E-01
 -3.6540     0.52674E-01
 -3.6400     0.53573E-01
 -3.6260     0.52930E-01
 -3.6120     0.52584E-01
 -3.5980     0.53509E-01
 -3.5840     0.52354E-01
 -3.5700     0.53636E-01
 -3.5560     0.52880E-01
 -3.5420     0.52126E-01
 -3.5280     0.53847E-01
 -3.5140     0.53232E-01
 -3.5000     0.53863E-01
 -3.4860     0.53599E-01
 -3.4720     0.53673E-01
 -3.4580     0.53547E-01
 -3.4440     0.52350E-01
 -3.4300     0.54249E-01
 -3.4160     0.53656E-01
 -3.4020     0.56120E-01
 -3.3880     0.54486E-01
 -3.3740     0.53947E-01
 -3.3600     0.53820E-01
 -3.3460     0.53818E-01
 -3.3320     0.54790E-01
 -3.3180     0.55219E-01
 -3.3040     0.55630E-01
 -3.2900     0.55423E-01
 -3.2760     0.55578E-01
 -3.2620     0.58256E-01
 -3.2480     0.55035E-01
 -3.2340     0.54378E-01
 -3.2200     0.55128E-01
 -3.2060     0.55261E-01
 -3.1920     0.55912E-01
 -3.1780     0.55814E-01
 -3.1640     0.56224E-01
 -3.1500     0.56083E-01
 -3.1360     0.55657E-01
 -3.1220     0.56874E-01
 -3.1080     0.56483E-01
 -3.0940     0.56524E-01
 -3.0800     0.56972E-01
 -3.0660     0.57027E-01
 -3.0520     0.56579E-01
 -3.0380     0.57618E-01
 -3.0240     0.57926E-01
 -3.0100     0.58493E-01
 -2.9960     0.65142E-01
 -2.9820     0.58746E-01
 -2.9680     0.57349E-01
 -2.9540     0.57882E-01
 -2.9400     0.57404E-01
 -2.9260     0.58498E-01
 -2.9120     0.58040E-01
 -2.8980     0.57676E-01
 -2.8840     0.58559E-01
 -2.8700     0.62749E-01
 -2.8560     0.57272E-01
 -2.8420     0.57780E-01
 -2.8280     0.57124E-01
 -2.8140     0.57579E-01
 -2.8000     0.56928E-01
 -2.7860     0.58151E-01
 -2.7720     0.58227E-01
 -2.7580     0.58139E-01
 -2.7440     0.58011E-01
 -2.7300     0.59972E-01
 -2.7160     0.60141E-01
 -2.7020     0.60478E-01
 -2.6880     0.60997E-01
 -2.6740     0.61412E-01
 -2.6600     0.61870E-01
 -2.6460     0.63776E-01
 -2.6320     0.62741E-01
 -2.6180     0.62990E-01
 -2.6040     0.63338E-01
 -2.5900     0.63570E-01
 -2.5760     0.63098E-01
 -2.5620     0.63710E-01
 -2.5480     0.62708E-01
 -2.5340     0.63220E-01
 -2.5200     0.63164E-01
 -2.5060     0.63902E-01
 -2.4920     0.66617E-01
 -2.4780     0.64571E-01
 -2.4640     0.63582E-01
 -2.4500     0.63793E-01
 -2.4360     0.62365E-01
 -2.4220     0.63548E-01
 -2.4080     0.64376E-01
 -2.3940     0.63288E-01
 -2.3800     0.62824E-01
 -2.3660     0.63520E-01
 -2.3520     0.64425E-01
 -2.3380     0.64177E-01
 -2.3240     0.63098E-01
 -2.3100     0.63678E-01
 -2.2960     0.63172E-01
 -2.2820     0.64167E-01
 -2.2680     0.64064E-01
 -2.2540     0.63703E-01
 -2.2400     0.64660E-01
 -2.2260     0.64605E-01
 -2.2120     0.65052E-01
 -2.1980     0.64698E-01
 -2.1840     0.64568E-01
 -2.1700     0.65322E-01
 -2.1560     0.65551E-01
 -2.1420     0.67293E-01
 -2.1280     0.69019E-01
 -2.1140     0.71146E-01
 -2.1000     0.68225E-01
 -2.0860     0.68956E-01
 -2.0720     0.68818E-01
 -2.0580     0.68802E-01
 -2.0440     0.66974E-01
 -2.0300     0.68000E-01
 -2.0160     0.67534E-01
 -2.0020     0.68005E-01
 -1.9880     0.14136    
 -1.9740     0.15369    
 -1.9600     0.15244    
 -1.9460     0.15022    
 -1.9320     0.15165    
 -1.9180     0.15090    
 -1.9040     0.15188    
 -1.8900     0.15199    
 -1.8760     0.15172    
 -1.8620     0.15266    
 -1.8480     0.15209    
 -1.8340     0.15122    
 -1.8200     0.15036    
 -1.8060     0.15131    
 -1.7920     0.15100    
 -1.7780     0.15224    
 -1.7640     0.14984    
 -1.7500     0.14834    
 -1.7360     0.15026    
 -1.7220     0.15035    
 -1.7080     0.15159    
 -1.6940     0.14950    
 -1.6800     0.14974    
 -1.6660     0.14943    
 -1.6520     0.14867    
 -1.6380     0.14722    
 -1.6240     0.14726    
 -1.6100     0.14899    
 -1.5960     0.14699    
 -1.5820     0.14810    
 -1.5680     0.14891    
 -1.5540     0.14848    
 -1.5400     0.14592    
 -1.5260     0.14760    
 -1.5120     0.14762    
 -1.4980     0.14826    
 -1.4840     0.14570    
 -1.4700     0.14557    
 -1.4560     0.14740    
 -1.4420     0.14734    
 -1.4280     0.14773    
 -1.4140     0.14719    
 -1.4000     0.14706    
 -1.3860     0.14610    
 -1.3720     0.14727    
 -1.3580     0.14755    
 -1.3440     0.14610    
 -1.3300     0.14595    
 -1.3160     0.14732    
 -1.3020     0.14538    
 -1.2880     0.14683    
 -1.2740     0.14561    
 -1.2600     0.14595    
 -1.2460     0.14472    
 -1.2320     0.14705    
 -1.2180     0.14401    
 -1.2040     0.14434    
 -1.1900     0.14489    
 -1.1760     0.14410    
 -1.1620     0.14364    
 -1.1480     0.14352    
 -1.1340     0.14366    
 -1.1200     0.14388    
 -1.1060     0.14315    
 -1.0920     0.14359    
 -1.0780     0.14294    
 -1.0640     0.14416    
 -1.0500     0.14247    
 -1.0360     0.14314    
 -1.0220     0.14242    
 -1.0080     0.14214    
-0.99400     0.14283    
-0.98000     0.14381    
-0.96600     0.14282    
-0.95200     0.14355    
-0.93800     0.14407    
-0.92400     0.14530    
-0.91000     0.14456    
-0.89600     0.14427    
-0.88200     0.14560    
-0.86800     0.14500    
-0.85400     0.14391    
-0.84000     0.14451    
-0.82600     0.14471    
-0.81200     0.14420    
-0.79800     0.14416    
-0.78400     0.14424    
-0.77000     0.14434    
-0.75600     0.14321    
-0.74200     0.14500    
-0.72800     0.14538    
-0.71400     0.14486    
-0.70000     0.14601    
-0.68600     0.14599    
-0.67200     0.14397    
-0.65800     0.14545    
-0.64400     0.14616    
-0.63000     0.14517    
-0.61600     0.14589    
-0.60200     0.14430    
-0.58800     0.14122    
-0.57400     0.14125    
-0.56000     0.14253    
-0.54600     0.14410    
-0.53200     0.14156    
-0.51800     0.14219    
-0.50400     0.14069    
-0.49000     0.14047    
-0.47600     0.14249    
-0.46200     0.14105    
-0.44800     0.14244    
-0.43400     0.14284    
-0.42000     0.14189    
-0.40600     0.14350    
-0.39200     0.14151    
-0.37800     0.14225    
-0.36400     0.14229    
-0.35000     0.14211    
-0.33600     0.14155    
-0.32200     0.14154    
-0.30800     0.14217    
-0.29400     0.14204    
-0.28000     0.14040    
-0.26600     0.14091    
-0.25200     0.14205    
-0.23800     0.14218    
-0.22400     0.14015    
-0.21000     0.14123    
-0.19600     0.14452    
-0.18200     0.14158    
-0.16800     0.14123    
-0.15400     0.14275    
-0.14000     0.14177    
-0.12600     0.14285    
-0.11200     0.14420    
-0.9800E-01  0.14225    
-0.8400E-01  0.14030    
-0.7000E-01  0.14079    
-0.5600E-01  0.14107    
-0.4200E-01  0.14100    
-0.2800E-01  0.14115    
-0.1399E-01  0.14123    
 0.4768E-06  0.14061    
 0.1400E-01  0.14119    
 0.2800E-01  0.14098    
 0.4200E-01  0.14195    
 0.5600E-01  0.14160    
 0.7000E-01  0.14290    
 0.8400E-01  0.14328    
 0.9800E-01  0.14119    
 0.11200     0.14071    
 0.12600     0.14075    
 0.14000     0.14292    
 0.15400     0.14245    
 0.16800     0.14094    
 0.18200     0.14112    
 0.19600     0.14106    
 0.21000     0.14130    
 0.22400     0.14180    
 0.23800     0.14095    
 0.25200     0.14119    
 0.26600     0.14100    
 0.28000     0.14216    
 0.29400     0.14061    
 0.30800     0.14123    
 0.32200     0.14138    
 0.33600     0.14079    
 0.35000     0.14062    
 0.36400     0.14230    
 0.37800     0.14134    
 0.39200     0.14143    
 0.40600     0.14243    
 0.42000     0.14135    
 0.43400     0.14254    
 0.44800     0.14171    
 0.46200     0.14266    
 0.47600     0.14238    
 0.49000     0.14223    
 0.50400     0.14178    
 0.51800     0.14197    
 0.53200     0.14232    
 0.54600     0.14205    
 0.56000     0.14197    
 0.57400     0.14034    
 0.58800     0.14227    
 0.60200     0.14281    
 0.61600     0.14436    
 0.63000     0.14403    
 0.64400     0.14579    
 0.65800     0.14538    
 0.67200     0.14589    
 0.68600     0.14455    
 0.70000     0.14522    
 0.71400     0.14527    
 0.72800     0.14647    
 0.74200     0.14528    
 0.75600     0.14603    
 0.77000     0.14587    
 0.78400     0.14551    
 0.79800     0.14336    
 0.81200     0.14485    
 0.82600     0.14488    
 0.84000     0.14521    
 0.85400     0.14383    
 0.86800     0.14339    
 0.88200     0.14836    
 0.89600     0.14392    
 0.91000     0.14416    
 0.92400     0.14296    
 0.93800     0.14273    
 0.95200     0.14341    
 0.96600     0.14198    
 0.98000     0.14341    
 0.99400     0.14273    
  1.0080     0.14441    
  1.0220     0.14285    
  1.0360     0.14263    
  1.0500     0.14332    
  1.0640     0.14280    
  1.0780     0.14272    
  1.0920     0.14279    
  1.1060     0.14329    
  1.1200     0.14109    
  1.1340     0.14354    
  1.1480     0.14481    
  1.1620     0.14348    
  1.1760     0.14458    
  1.1900     0.14410    
  1.2040     0.14426    
  1.2180     0.14870    
  1.2320     0.14504    
  1.2460     0.14406    
  1.2600     0.14575    
  1.2740     0.14708    
  1.2880     0.14577    
  1.3020     0.14652    
  1.3160     0.14697    
  1.3300     0.14733    
  1.3440     0.14572    
  1.3580     0.14700    
  1.3720     0.14744    
  1.3860     0.14814    
  1.4000     0.14756    
  1.4140     0.14764    
  1.4280     0.14752    
  1.4420     0.14637    
  1.4560     0.14712    
  1.4700     0.14776    
  1.4840     0.14757    
  1.4980     0.14775    
  1.5120     0.14692    
  1.5260     0.14711    
  1.5400     0.14704    
  1.5540     0.14770    
  1.5680     0.15127    
  1.5820     0.14780    
  1.5960     0.14889    
  1.6100     0.14919    
  1.6240     0.14779    
  1.6380     0.14623    
  1.6520     0.14941    
  1.6660     0.15025    
  1.6800     0.15021    
  1.6940     0.14958    
  1.7080     0.14922    
  1.7220     0.14995    
  1.7360     0.15066    
  1.7500     0.14985    
  1.7640     0.15073    
  1.7780     0.15142    
  1.7920     0.15295    
  1.8060     0.15057    
  1.8200     0.15074    
  1.8340     0.14993    
  1.8480     0.15044    
  1.8620     0.15204    
  1.8760     0.15215    
  1.8900     0.15109    
  1.9040     0.15338    
  1.9180     0.15311    
  1.9320     0.15057    
  1.9460     0.15241    
  1.9600     0.15248    
  1.9740     0.15310    
  1.9880     0.15505    
  2.0020     0.14080    
  2.0160     0.68459E-01
  2.0300     0.69008E-01
  2.0440     0.67493E-01
  2.0580     0.68460E-01
  2.0720     0.67912E-01
  2.0860     0.67323E-01
  2.1000     0.67885E-01
  2.1140     0.68540E-01
  2.1280     0.70822E-01
  2.1420     0.68980E-01
  2.1560     0.66516E-01
  2.1700     0.65985E-01
  2.1840     0.65072E-01
  2.1980     0.64655E-01
  2.2120     0.64752E-01
  2.2260     0.63849E-01
  2.2400     0.64371E-01
  2.2540     0.67143E-01
  2.2680     0.64269E-01
  2.2820     0.63829E-01
  2.2960     0.64050E-01
  2.3100     0.63643E-01
  2.3240     0.63894E-01
  2.3380     0.64356E-01
  2.3520     0.63756E-01
  2.3660     0.63666E-01
  2.3800     0.63595E-01
  2.3940     0.63439E-01
  2.4080     0.63685E-01
  2.4220     0.62903E-01
  2.4360     0.63801E-01
  2.4500     0.63385E-01
  2.4640     0.62886E-01
  2.4780     0.63265E-01
  2.4920     0.65749E-01
  2.5060     0.63767E-01
  2.5200     0.63927E-01
  2.5340     0.63802E-01
  2.5480     0.62906E-01
  2.5620     0.62535E-01
  2.5760     0.63587E-01
  2.5900     0.63504E-01
  2.6040     0.63274E-01
  2.6180     0.63847E-01
  2.6320     0.63729E-01
  2.6460     0.62988E-01
  2.6600     0.63285E-01
  2.6740     0.62421E-01
  2.6880     0.61638E-01
  2.7020     0.60677E-01
  2.7160     0.60870E-01
  2.7300     0.60486E-01
  2.7440     0.60860E-01
  2.7580     0.58906E-01
  2.7720     0.57853E-01
  2.7860     0.58392E-01
  2.8000     0.58039E-01
  2.8140     0.57381E-01
  2.8280     0.58123E-01
  2.8420     0.58644E-01
  2.8560     0.57482E-01
  2.8700     0.58439E-01
  2.8840     0.58732E-01
  2.8980     0.57622E-01
  2.9120     0.58618E-01
  2.9260     0.58486E-01
  2.9400     0.58347E-01
  2.9540     0.58447E-01
  2.9680     0.58503E-01
  2.9820     0.58350E-01
  2.9960     0.57267E-01
  3.0100     0.65845E-01
  3.0240     0.59921E-01
  3.0380     0.56879E-01
  3.0520     0.56325E-01
  3.0660     0.56741E-01
  3.0800     0.59037E-01
  3.0940     0.56530E-01
  3.1080     0.56139E-01
  3.1220     0.56737E-01
  3.1360     0.56610E-01
  3.1500     0.56287E-01
  3.1640     0.55406E-01
  3.1780     0.55083E-01
  3.1920     0.54888E-01
  3.2060     0.55339E-01
  3.2200     0.55214E-01
  3.2340     0.54866E-01
  3.2480     0.54913E-01
  3.2620     0.54413E-01
  3.2760     0.55076E-01
  3.2900     0.55533E-01
  3.3040     0.54626E-01
  3.3180     0.55676E-01
  3.3320     0.54717E-01
  3.3460     0.54287E-01
  3.3600     0.53921E-01
  3.3740     0.54678E-01
  3.3880     0.54339E-01
  3.4020     0.53746E-01
  3.4160     0.53759E-01
  3.4300     0.53304E-01
  3.4440     0.53264E-01
  3.4580     0.52750E-01
  3.4720     0.53153E-01
  3.4860     0.53286E-01
  3.5000     0.53159E-01
  3.5140     0.53347E-01
  3.5280     0.52877E-01
  3.5420     0.53080E-01
  3.5560     0.52825E-01
  3.5700     0.52543E-01
  3.5840     0.53649E-01
  3.5980     0.52873E-01
  3.6120     0.52458E-01
  3.6260     0.52918E-01
  3.6400     0.53113E-01
  3.6540     0.54012E-01
  3.6680     0.52492E-01
  3.6820     0.52178E-01
  3.6960     0.52365E-01
  3.7100     0.51678E-01
  3.7240     0.52060E-01
  3.7380     0.52183E-01
  3.7520     0.52184E-01
  3.7660     0.52570E-01
  3.7800     0.52675E-01
  3.7940     0.53584E-01
  3.8080     0.51920E-01
  3.8220     0.52343E-01
  3.8360     0.52716E-01
  3.8500     0.51435E-01
  3.8640     0.51791E-01
  3.8780     0.51494E-01
  3.8920     0.52000E-01
  3.9060     0.51715E-01
  3.9200     0.51726E-01
  3.9340     0.50919E-01
  3.9480     0.50855E-01
  3.9620     0.50510E-01
  3.9760     0.51501E-01
  3.9900     0.50853E-01
  4.0040     0.51866E-01
  4.0180     0.50399E-01
  4.0320     0.50964E-01
  4.0460     0.49992E-01
  4.0600     0.50048E-01
  4.0740     0.50401E-01
  4.0880     0.49893E-01
  4.1020     0.50199E-01
  4.1160     0.50798E-01
  4.1300     0.49840E-01
  4.1440     0.50903E-01
  4.1580     0.49608E-01
  4.1720     0.49170E-01
  4.1860     0.48483E-01
  4.2000     0.50118E-01
  4.2140     0.49158E-01
  4.2280     0.49639E-01
  4.2420     0.50344E-01
  4.2560     0.49195E-01
  4.2700     0.49146E-01
  4.2840     0.49237E-01
  4.2980     0.48292E-01
  4.3120     0.49928E-01
  4.3260     0.48453E-01
  4.3400     0.49369E-01
  4.3540     0.48741E-01
  4.3680     0.48717E-01
  4.3820     0.48350E-01
  4.3960     0.48137E-01
  4.4100     0.48126E-01
  4.4240     0.48630E-01
  4.4380     0.48091E-01
  4.4520     0.48031E-01
  4.4660     0.48386E-01
  4.4800     0.48009E-01
  4.4940     0.48264E-01
  4.5080     0.47354E-01
  4.5220     0.47310E-01
  4.5360     0.47256E-01
  4.5500     0.47538E-01
  4.5640     0.46705E-01
  4.5780     0.47327E-01
  4.5920     0.47273E-01
  4.6060     0.47271E-01
  4.6200     0.46866E-01
  4.6340     0.46746E-01
  4.6480     0.45954E-01
  4.6620     0.46040E-01
  4.6760     0.45952E-01
  4.6900     0.46571E-01
  4.7040     0.46606E-01
  4.7180     0.45956E-01
  4.7320     0.45944E-01
  4.7460     0.46023E-01
  4.7600     0.46153E-01
  4.7740     0.46071E-01
  4.7880     0.46185E-01
  4.8020     0.45416E-01
  4.8160     0.46026E-01
  4.8300     0.44612E-01
  4.8440     0.45399E-01
  4.8580     0.44707E-01
  4.8720     0.44638E-01
  4.8860     0.45212E-01
  4.9000     0.45582E-01
  4.9140     0.44690E-01
  4.9280     0.44555E-01
  4.9420     0.44179E-01
  4.9560     0.45132E-01
  4.9700     0.45153E-01
  4.9840     0.44248E-01
  4.9980     0.44139E-01
  5.0120     0.43793E-01
  5.0260     0.43934E-01
  5.0400     0.43344E-01
  5.0540     0.44172E-01
  5.0680     0.43249E-01
  5.0820     0.43673E-01
  5.0960     0.42856E-01
  5.1100     0.42831E-01
  5.1240     0.43013E-01
  5.1380     0.43267E-01
  5.1520     0.42294E-01
  5.1660     0.41964E-01
  5.1800     0.42804E-01
  5.1940     0.42298E-01
  5.2080     0.41303E-01
  5.2220     0.40788E-01
  5.2360     0.40890E-01
  5.2500     0.40763E-01
  5.2640     0.40910E-01
  5.2780     0.40783E-01
  5.2920     0.41146E-01
  5.3060     0.40994E-01
  5.3200     0.40851E-01
  5.3340     0.40405E-01
  5.3480     0.41112E-01
  5.3620     0.41578E-01
  5.3760     0.40242E-01
  5.3900     0.41092E-01
  5.4040     0.40600E-01
  5.4180     0.40434E-01
  5.4320     0.40527E-01
  5.4460     0.41551E-01
  5.4600     0.41380E-01
  5.4740     0.41138E-01
  5.4880     0.41248E-01
  5.5020     0.40897E-01
  5.5160     0.40848E-01
  5.5300     0.41268E-01
  5.5440     0.41610E-01
  5.5580     0.41361E-01
  5.5720     0.40615E-01
  5.5860     0.41288E-01
  5.6000     0.40499E-01
  5.6140     0.41605E-01
  5.6280     0.40626E-01
  5.6420     0.41405E-01
  5.6560     0.41258E-01
  5.6700     0.41518E-01
  5.6840     0.41166E-01
  5.6980     0.41026E-01
  5.7120     0.41028E-01
  5.7260     0.40507E-01
  5.7400     0.41288E-01
  5.7540     0.41125E-01
  5.7680     0.40455E-01
  5.7820     0.40869E-01
  5.7960     0.40650E-01
  5.8100     0.40968E-01
  5.8240     0.40787E-01
  5.8380     0.41388E-01
  5.8520     0.41725E-01
  5.8660     0.40981E-01
  5.8800     0.40607E-01
  5.8940     0.41478E-01
  5.9080     0.40668E-01
  5.9220     0.41063E-01
  5.9360     0.40351E-01
  5.9500     0.40371E-01
  5.9640     0.40584E-01
  5.9780     0.41350E-01
  5.9920     0.41296E-01
  6.0060     0.24423E-01
  6.0200     0.30353E-02
  6.0340     0.31663E-02
  6.0480     0.32768E-02
  6.0620     0.31480E-02
  6.0760     0.31958E-02
  6.0900     0.31569E-02
  6.1040     0.32836E-02
  6.1180     0.33920E-02
  6.1320     0.32998E-02
  6.1460     0.32682E-02
  6.1600     0.32966E-02
  6.1740     0.33479E-02
  6.1880     0.33391E-02
  6.2020     0.32952E-02
  6.2160     0.33345E-02
  6.2300     0.33233E-02
  6.2440     0.32346E-02
  6.2580     0.34609E-02
  6.2720     0.35029E-02
  6.2860     0.34476E-02
  6.3000     0.34574E-02
  6.3140     0.35376E-02
  6.3280     0.33992E-02
  6.3420     0.35198E-02
  6.3560     0.33480E-02
  6.3700     0.35858E-02
  6.3840     0.35142E-02
  6.3980     0.34507E-02
  6.4120     0.35573E-02
  6.4260     0.34279E-02
  6.4400     0.35579E-02
  6.4540     0.35549E-02
  6.4680     0.36854E-02
  6.4820     0.35488E-02
  6.4960     0.36083E-02
  6.5100     0.36001E-02
  6.5240     0.36145E-02
  6.5380     0.36232E-02
  6.5520     0.36457E-02
  6.5660     0.35807E-02
  6.5800     0.36917E-02
  6.5940     0.37917E-02
  6.6080     0.36127E-02
  6.6220     0.37420E-02
  6.6360     0.37969E-02
  6.6500     0.37182E-02
  6.6640     0.37019E-02
  6.6780     0.37128E-02
  6.6920     0.37204E-02
  6.7060     0.38176E-02
  6.7200     0.35846E-02
  6.7340     0.37217E-02
  6.7480     0.36246E-02
  6.7620     0.37367E-02
  6.7760     0.37267E-02
  6.7900     0.36162E-02
  6.8040     0.37150E-02
  6.8180     0.36861E-02
  6.8320     0.36474E-02
  6.8460     0.36093E-02
  6.8600     0.36217E-02
  6.8740     0.37147E-02
  6.8880     0.36582E-02
  6.9020     0.36772E-02
  6.9160     0.35217E-02
  6.9300     0.36128E-02
  6.9440     0.36640E-02
  6.9580     0.36166E-02
  6.9720     0.36401E-02
  6.9860     0.35817E-02
  7.0000     0.36698E-02
