 #This file contains the density of states for the ensemble. First column is
 # right edge of bin, fraction of contributions per bin
 #Size of clusters = #           1
 #Disorder Strength =    10.00000    
 #Bond Cutoff =    1.000000    
 #Interaction strength =    6.000000    
 #Dimensions =         1000
 #Number of systems =         2000
 -6.9860      0.0000    
 -6.9720      0.0000    
 -6.9580      0.0000    
 -6.9440      0.0000    
 -6.9300      0.0000    
 -6.9160      0.0000    
 -6.9020      0.0000    
 -6.8880      0.0000    
 -6.8740      0.0000    
 -6.8600      0.0000    
 -6.8460      0.0000    
 -6.8320      0.0000    
 -6.8180      0.0000    
 -6.8040      0.0000    
 -6.7900      0.0000    
 -6.7760      0.0000    
 -6.7620      0.0000    
 -6.7480      0.0000    
 -6.7340      0.0000    
 -6.7200      0.0000    
 -6.7060      0.0000    
 -6.6920      0.0000    
 -6.6780      0.0000    
 -6.6640      0.0000    
 -6.6500      0.0000    
 -6.6360      0.0000    
 -6.6220      0.0000    
 -6.6080      0.0000    
 -6.5940      0.0000    
 -6.5800      0.0000    
 -6.5660      0.0000    
 -6.5520      0.0000    
 -6.5380      0.0000    
 -6.5240      0.0000    
 -6.5100      0.0000    
 -6.4960      0.0000    
 -6.4820      0.0000    
 -6.4680      0.0000    
 -6.4540      0.0000    
 -6.4400      0.0000    
 -6.4260      0.0000    
 -6.4120      0.0000    
 -6.3980      0.0000    
 -6.3840      0.0000    
 -6.3700      0.0000    
 -6.3560      0.0000    
 -6.3420      0.0000    
 -6.3280      0.0000    
 -6.3140      0.0000    
 -6.3000      0.0000    
 -6.2860      0.0000    
 -6.2720      0.0000    
 -6.2580      0.0000    
 -6.2440      0.0000    
 -6.2300      0.0000    
 -6.2160      0.0000    
 -6.2020      0.0000    
 -6.1880      0.0000    
 -6.1740      0.0000    
 -6.1600      0.0000    
 -6.1460      0.0000    
 -6.1320      0.0000    
 -6.1180      0.0000    
 -6.1040      0.0000    
 -6.0900      0.0000    
 -6.0760      0.0000    
 -6.0620      0.0000    
 -6.0480      0.0000    
 -6.0340      0.0000    
 -6.0200      0.0000    
 -6.0060      0.0000    
 -5.9920     0.25823E-01
 -5.9780     0.41543E-01
 -5.9640     0.41669E-01
 -5.9500     0.42968E-01
 -5.9360     0.43471E-01
 -5.9220     0.41752E-01
 -5.9080     0.41878E-01
 -5.8940     0.42926E-01
 -5.8800     0.40872E-01
 -5.8660     0.41920E-01
 -5.8520     0.40117E-01
 -5.8380     0.39279E-01
 -5.8240     0.42675E-01
 -5.8100     0.41501E-01
 -5.7960     0.41501E-01
 -5.7820     0.41710E-01
 -5.7680     0.42758E-01
 -5.7540     0.42088E-01
 -5.7400     0.44729E-01
 -5.7260     0.43848E-01
 -5.7120     0.43555E-01
 -5.6980     0.43010E-01
 -5.6840     0.47034E-01
 -5.6700     0.41669E-01
 -5.6560     0.41878E-01
 -5.6420     0.42339E-01
 -5.6280     0.43220E-01
 -5.6140     0.40243E-01
 -5.6000     0.44729E-01
 -5.5860     0.42213E-01
 -5.5720     0.43178E-01
 -5.5580     0.41082E-01
 -5.5440     0.40285E-01
 -5.5300     0.45651E-01
 -5.5160     0.42633E-01
 -5.5020     0.40830E-01
 -5.4880     0.41710E-01
 -5.4740     0.42758E-01
 -5.4600     0.42339E-01
 -5.4460     0.41333E-01
 -5.4320     0.40998E-01
 -5.4180     0.40746E-01
 -5.4040     0.39069E-01
 -5.3900     0.42884E-01
 -5.3760     0.42884E-01
 -5.3620     0.42968E-01
 -5.3480     0.43723E-01
 -5.3340     0.42717E-01
 -5.3200     0.41375E-01
 -5.3060     0.42968E-01
 -5.2920     0.41040E-01
 -5.2780     0.42465E-01
 -5.2640     0.40914E-01
 -5.2500     0.42088E-01
 -5.2360     0.44309E-01
 -5.2220     0.40956E-01
 -5.2080     0.43765E-01
 -5.1940     0.42465E-01
 -5.1800     0.43471E-01
 -5.1660     0.40579E-01
 -5.1520     0.41417E-01
 -5.1380     0.44100E-01
 -5.1240     0.40034E-01
 -5.1100     0.40453E-01
 -5.0960     0.41124E-01
 -5.0820     0.42926E-01
 -5.0680     0.42675E-01
 -5.0540     0.43806E-01
 -5.0400     0.41627E-01
 -5.0260     0.41417E-01
 -5.0120     0.42130E-01
 -4.9980     0.43010E-01
 -4.9840     0.44645E-01
 -4.9700     0.42130E-01
 -4.9560     0.43136E-01
 -4.9420     0.43471E-01
 -4.9280     0.42088E-01
 -4.9140     0.42842E-01
 -4.9000     0.44561E-01
 -4.8860     0.44854E-01
 -4.8720     0.42842E-01
 -4.8580     0.44771E-01
 -4.8440     0.44645E-01
 -4.8300     0.41710E-01
 -4.8160     0.46573E-01
 -4.8020     0.43052E-01
 -4.7880     0.44980E-01
 -4.7740     0.47244E-01
 -4.7600     0.47202E-01
 -4.7460     0.46867E-01
 -4.7320     0.47034E-01
 -4.7180     0.47453E-01
 -4.7040     0.46154E-01
 -4.6900     0.46028E-01
 -4.6760     0.46825E-01
 -4.6620     0.47076E-01
 -4.6480     0.46154E-01
 -4.6340     0.48795E-01
 -4.6200     0.49172E-01
 -4.6060     0.47663E-01
 -4.5920     0.45106E-01
 -4.5780     0.43345E-01
 -4.5640     0.47495E-01
 -4.5500     0.48627E-01
 -4.5360     0.49340E-01
 -4.5220     0.46028E-01
 -4.5080     0.50094E-01
 -4.4940     0.48501E-01
 -4.4800     0.48627E-01
 -4.4660     0.51101E-01
 -4.4520     0.51101E-01
 -4.4380     0.51142E-01
 -4.4240     0.49424E-01
 -4.4100     0.53238E-01
 -4.3960     0.51436E-01
 -4.3820     0.53616E-01
 -4.3680     0.53825E-01
 -4.3540     0.51813E-01
 -4.3400     0.54286E-01
 -4.3260     0.51310E-01
 -4.3120     0.53406E-01
 -4.2980     0.52442E-01
 -4.2840     0.53490E-01
 -4.2700     0.51101E-01
 -4.2560     0.53532E-01
 -4.2420     0.53280E-01
 -4.2280     0.52735E-01
 -4.2140     0.53155E-01
 -4.2000     0.52442E-01
 -4.1860     0.54077E-01
 -4.1720     0.56424E-01
 -4.1580     0.55544E-01
 -4.1440     0.56173E-01
 -4.1300     0.54957E-01
 -4.1160     0.56299E-01
 -4.1020     0.55502E-01
 -4.0880     0.54245E-01
 -4.0740     0.54664E-01
 -4.0600     0.57430E-01
 -4.0460     0.56760E-01
 -4.0320     0.59946E-01
 -4.0180     0.56592E-01
 -4.0040     0.57933E-01
 -3.9900     0.58730E-01
 -3.9760     0.57850E-01
 -3.9620     0.57137E-01
 -3.9480     0.59317E-01
 -3.9340     0.57095E-01
 -3.9200     0.62377E-01
 -3.9060     0.59946E-01
 -3.8920     0.58646E-01
 -3.8780     0.59275E-01
 -3.8640     0.58185E-01
 -3.8500     0.61958E-01
 -3.8360     0.61539E-01
 -3.8220     0.60029E-01
 -3.8080     0.58562E-01
 -3.7940     0.59820E-01
 -3.7800     0.59652E-01
 -3.7660     0.63425E-01
 -3.7520     0.65144E-01
 -3.7380     0.64054E-01
 -3.7240     0.61371E-01
 -3.7100     0.60491E-01
 -3.6960     0.61581E-01
 -3.6820     0.63467E-01
 -3.6680     0.62503E-01
 -3.6540     0.63215E-01
 -3.6400     0.62670E-01
 -3.6260     0.66276E-01
 -3.6120     0.64892E-01
 -3.5980     0.65437E-01
 -3.5840     0.62251E-01
 -3.5700     0.63718E-01
 -3.5560     0.65605E-01
 -3.5420     0.64431E-01
 -3.5280     0.65521E-01
 -3.5140     0.66359E-01
 -3.5000     0.64725E-01
 -3.4860     0.67659E-01
 -3.4720     0.66946E-01
 -3.4580     0.65773E-01
 -3.4440     0.66192E-01
 -3.4300     0.65814E-01
 -3.4160     0.67491E-01
 -3.4020     0.66066E-01
 -3.3880     0.67910E-01
 -3.3740     0.67617E-01
 -3.3600     0.68707E-01
 -3.3460     0.68707E-01
 -3.3320     0.71390E-01
 -3.3180     0.69294E-01
 -3.3040     0.69378E-01
 -3.2900     0.70887E-01
 -3.2760     0.69420E-01
 -3.2620     0.70174E-01
 -3.2480     0.69503E-01
 -3.2340     0.71096E-01
 -3.2200     0.72773E-01
 -3.2060     0.69336E-01
 -3.1920     0.69126E-01
 -3.1780     0.75582E-01
 -3.1640     0.70551E-01
 -3.1500     0.72857E-01
 -3.1360     0.74198E-01
 -3.1220     0.74240E-01
 -3.1080     0.72522E-01
 -3.0940     0.72983E-01
 -3.0800     0.73234E-01
 -3.0660     0.72102E-01
 -3.0520     0.79145E-01
 -3.0380     0.74618E-01
 -3.0240     0.73486E-01
 -3.0100     0.70216E-01
 -2.9960     0.75875E-01
 -2.9820     0.73067E-01
 -2.9680     0.74618E-01
 -2.9540     0.77552E-01
 -2.9400     0.74701E-01
 -2.9260     0.75750E-01
 -2.9120     0.72983E-01
 -2.8980     0.74869E-01
 -2.8840     0.73067E-01
 -2.8700     0.69378E-01
 -2.8560     0.70551E-01
 -2.8420     0.75163E-01
 -2.8280     0.69587E-01
 -2.8140     0.73360E-01
 -2.8000     0.73234E-01
 -2.7860     0.70258E-01
 -2.7720     0.72983E-01
 -2.7580     0.70216E-01
 -2.7440     0.71013E-01
 -2.7300     0.67575E-01
 -2.7160     0.67994E-01
 -2.7020     0.71893E-01
 -2.6880     0.69042E-01
 -2.6740     0.71935E-01
 -2.6600     0.71306E-01
 -2.6460     0.70090E-01
 -2.6320     0.68036E-01
 -2.6180     0.66443E-01
 -2.6040     0.68246E-01
 -2.5900     0.66611E-01
 -2.5760     0.68246E-01
 -2.5620     0.67282E-01
 -2.5480     0.67827E-01
 -2.5340     0.66234E-01
 -2.5200     0.67533E-01
 -2.5060     0.68120E-01
 -2.4920     0.65353E-01
 -2.4780     0.63760E-01
 -2.4640     0.64766E-01
 -2.4500     0.65773E-01
 -2.4360     0.63551E-01
 -2.4220     0.68372E-01
 -2.4080     0.64515E-01
 -2.3940     0.64725E-01
 -2.3800     0.64725E-01
 -2.3660     0.63299E-01
 -2.3520     0.66108E-01
 -2.3380     0.64683E-01
 -2.3240     0.63760E-01
 -2.3100     0.62922E-01
 -2.2960     0.62922E-01
 -2.2820     0.61287E-01
 -2.2680     0.62838E-01
 -2.2540     0.60323E-01
 -2.2400     0.63299E-01
 -2.2260     0.62000E-01
 -2.2120     0.61413E-01
 -2.1980     0.60323E-01
 -2.1840     0.60784E-01
 -2.1700     0.59736E-01
 -2.1560     0.58730E-01
 -2.1420     0.59275E-01
 -2.1280     0.57053E-01
 -2.1140     0.58814E-01
 -2.1000     0.58311E-01
 -2.0860     0.61287E-01
 -2.0720     0.60029E-01
 -2.0580     0.58562E-01
 -2.0440     0.56424E-01
 -2.0300     0.55418E-01
 -2.0160     0.58227E-01
 -2.0020     0.56131E-01
 -1.9880     0.15309    
 -1.9740     0.17292    
 -1.9600     0.16714    
 -1.9460     0.17217    
 -1.9320     0.17246    
 -1.9180     0.16898    
 -1.9040     0.17007    
 -1.8900     0.16659    
 -1.8760     0.16869    
 -1.8620     0.16621    
 -1.8480     0.15938    
 -1.8340     0.16231    
 -1.8200     0.16190    
 -1.8060     0.16131    
 -1.7920     0.15800    
 -1.7780     0.16500    
 -1.7640     0.16131    
 -1.7500     0.16219    
 -1.7360     0.16139    
 -1.7220     0.15980    
 -1.7080     0.15649    
 -1.6940     0.15661    
 -1.6800     0.15401    
 -1.6660     0.16022    
 -1.6520     0.15607    
 -1.6380     0.16034    
 -1.6240     0.15645    
 -1.6100     0.15456    
 -1.5960     0.15707    
 -1.5820     0.15527    
 -1.5680     0.15468    
 -1.5540     0.15074    
 -1.5400     0.14219    
 -1.5260     0.15271    
 -1.5120     0.14819    
 -1.4980     0.15053    
 -1.4840     0.14425    
 -1.4700     0.14752    
 -1.4560     0.14676    
 -1.4420     0.14618    
 -1.4280     0.14735    
 -1.4140     0.14395    
 -1.4000     0.14538    
 -1.3860     0.14316    
 -1.3720     0.14467    
 -1.3580     0.14156    
 -1.3440     0.14295    
 -1.3300     0.14274    
 -1.3160     0.14638    
 -1.3020     0.13909    
 -1.2880     0.14085    
 -1.2740     0.13993    
 -1.2600     0.14563    
 -1.2460     0.13909    
 -1.2320     0.13582    
 -1.2180     0.13557    
 -1.2040     0.13284    
 -1.1900     0.13725    
 -1.1760     0.13414    
 -1.1620     0.12995    
 -1.1480     0.13104    
 -1.1340     0.13578    
 -1.1200     0.13175    
 -1.1060     0.12672    
 -1.0920     0.12786    
 -1.0780     0.12987    
 -1.0640     0.12895    
 -1.0500     0.13192    
 -1.0360     0.13217    
 -1.0220     0.13062    
 -1.0080     0.12547    
-0.99400     0.12517    
-0.98000     0.12463    
-0.96600     0.12693    
-0.95200     0.13079    
-0.93800     0.12274    
-0.92400     0.12651    
-0.91000     0.12719    
-0.89600     0.12165    
-0.88200     0.12869    
-0.86800     0.12815    
-0.85400     0.12207    
-0.84000     0.12610    
-0.82600     0.12937    
-0.81200     0.12480    
-0.79800     0.12861    
-0.78400     0.12794    
-0.77000     0.12937    
-0.75600     0.12920    
-0.74200     0.12702    
-0.72800     0.12714    
-0.71400     0.12522    
-0.70000     0.12668    
-0.68600     0.12333    
-0.67200     0.12932    
-0.65800     0.12081    
-0.64400     0.13134    
-0.63000     0.12597    
-0.61600     0.12710    
-0.60200     0.12383    
-0.58800     0.12107    
-0.57400     0.12857    
-0.56000     0.12580    
-0.54600     0.12576    
-0.53200     0.12358    
-0.51800     0.13050    
-0.50400     0.13163    
-0.49000     0.12651    
-0.47600     0.12966    
-0.46200     0.12957    
-0.44800     0.12903    
-0.43400     0.12358    
-0.42000     0.12580    
-0.40600     0.12748    
-0.39200     0.13167    
-0.37800     0.12995    
-0.36400     0.12739    
-0.35000     0.12790    
-0.33600     0.12995    
-0.32200     0.12735    
-0.30800     0.12107    
-0.29400     0.12584    
-0.28000     0.12086    
-0.26600     0.12857    
-0.25200     0.13033    
-0.23800     0.13004    
-0.22400     0.12291    
-0.21000     0.12794    
-0.19600     0.12760    
-0.18200     0.12526    
-0.16800     0.12945    
-0.15400     0.12589    
-0.14000     0.12693    
-0.12600     0.12312    
-0.11200     0.13087    
-0.98000E-01 0.12815    
-0.84000E-01 0.12844    
-0.70000E-01 0.12861    
-0.56000E-01 0.13322    
-0.42000E-01 0.12811    
-0.28000E-01 0.12316    
-0.13999E-01 0.12828    
 0.47684E-06 0.12731    
 0.14000E-01 0.12345    
 0.28000E-01 0.13155    
 0.42000E-01 0.12538    
 0.56000E-01 0.13230    
 0.70000E-01 0.12618    
 0.84000E-01 0.12488    
 0.98001E-01 0.12815    
 0.11200     0.12333    
 0.12600     0.12605    
 0.14000     0.12949    
 0.15400     0.12547    
 0.16800     0.12178    
 0.18200     0.12668    
 0.19600     0.12823    
 0.21000     0.12480    
 0.22400     0.12132    
 0.23800     0.12790    
 0.25200     0.12681    
 0.26600     0.12953    
 0.28000     0.12362    
 0.29400     0.12744    
 0.30800     0.12832    
 0.32200     0.12714    
 0.33600     0.12945    
 0.35000     0.12622    
 0.36400     0.12857    
 0.37800     0.12496    
 0.39200     0.12790    
 0.40600     0.12802    
 0.42000     0.12890    
 0.43400     0.12735    
 0.44800     0.12475    
 0.46200     0.12052    
 0.47600     0.13180    
 0.49000     0.13171    
 0.50400     0.12794    
 0.51800     0.13171    
 0.53200     0.12526    
 0.54600     0.12714    
 0.56000     0.12345    
 0.57400     0.12727    
 0.58800     0.12438    
 0.60200     0.12270    
 0.61600     0.13465    
 0.63000     0.12559    
 0.64400     0.13004    
 0.65800     0.12446    
 0.67200     0.12719    
 0.68600     0.12911    
 0.70000     0.13050    
 0.71400     0.12869    
 0.72800     0.12677    
 0.74200     0.12765    
 0.75600     0.12396    
 0.77000     0.12610    
 0.78400     0.12488    
 0.79800     0.13188    
 0.81200     0.12563    
 0.82600     0.12350    
 0.84000     0.12454    
 0.85400     0.12790    
 0.86800     0.12538    
 0.88200     0.12098    
 0.89600     0.12886    
 0.91000     0.12324    
 0.92400     0.12916    
 0.93800     0.13352    
 0.95200     0.12350    
 0.96600     0.13046    
 0.98000     0.13079    
 0.99400     0.12693    
  1.0080     0.12501    
  1.0220     0.12182    
  1.0360     0.12480    
  1.0500     0.12991    
  1.0640     0.12895    
  1.0780     0.12266    
  1.0920     0.12689    
  1.1060     0.12999    
  1.1200     0.12748    
  1.1340     0.13138    
  1.1480     0.13171    
  1.1620     0.12693    
  1.1760     0.13649    
  1.1900     0.13473    
  1.2040     0.13041    
  1.2180     0.13108    
  1.2320     0.14261    
  1.2460     0.14110    
  1.2600     0.13943    
  1.2740     0.14085    
  1.2880     0.13523    
  1.3020     0.13754    
  1.3160     0.13683    
  1.3300     0.14035    
  1.3440     0.14194    
  1.3580     0.14190    
  1.3720     0.14311    
  1.3860     0.14345    
  1.4000     0.14056    
  1.4140     0.13880    
  1.4280     0.14450    
  1.4420     0.14785    
  1.4560     0.15007    
  1.4700     0.15242    
  1.4840     0.14446    
  1.4980     0.14555    
  1.5120     0.15221    
  1.5260     0.14731    
  1.5400     0.15041    
  1.5540     0.15305    
  1.5680     0.15360    
  1.5820     0.15666    
  1.5960     0.15712    
  1.6100     0.15464    
  1.6240     0.15863    
  1.6380     0.15523    
  1.6520     0.15917    
  1.6660     0.15502    
  1.6800     0.15804    
  1.6940     0.15452    
  1.7080     0.15674    
  1.7220     0.16449    
  1.7360     0.15816    
  1.7500     0.15896    
  1.7640     0.15997    
  1.7780     0.16190    
  1.7920     0.16081    
  1.8060     0.15741    
  1.8200     0.16248    
  1.8340     0.16261    
  1.8480     0.16734    
  1.8620     0.16311    
  1.8760     0.16156    
  1.8900     0.16584    
  1.9040     0.15980    
  1.9180     0.16315    
  1.9320     0.17028    
  1.9460     0.16860    
  1.9600     0.16802    
  1.9740     0.16823    
  1.9880     0.16588    
  2.0020     0.16085    
  2.0160     0.60491E-01
  2.0300     0.54454E-01
  2.0440     0.58814E-01
  2.0580     0.57766E-01
  2.0720     0.60113E-01
  2.0860     0.62377E-01
  2.1000     0.58520E-01
  2.1140     0.57640E-01
  2.1280     0.61077E-01
  2.1420     0.59317E-01
  2.1560     0.61664E-01
  2.1700     0.60784E-01
  2.1840     0.59065E-01
  2.1980     0.58311E-01
  2.2120     0.61581E-01
  2.2260     0.60658E-01
  2.2400     0.64431E-01
  2.2540     0.63383E-01
  2.2680     0.63006E-01
  2.2820     0.60113E-01
  2.2960     0.61874E-01
  2.3100     0.62000E-01
  2.3240     0.62503E-01
  2.3380     0.64641E-01
  2.3520     0.62084E-01
  2.3660     0.64976E-01
  2.3800     0.65479E-01
  2.3940     0.63383E-01
  2.4080     0.65479E-01
  2.4220     0.63341E-01
  2.4360     0.63970E-01
  2.4500     0.65898E-01
  2.4640     0.64892E-01
  2.4780     0.66946E-01
  2.4920     0.64431E-01
  2.5060     0.66150E-01
  2.5200     0.67869E-01
  2.5340     0.66359E-01
  2.5480     0.64641E-01
  2.5620     0.66192E-01
  2.5760     0.67617E-01
  2.5900     0.66066E-01
  2.6040     0.67282E-01
  2.6180     0.67533E-01
  2.6320     0.68455E-01
  2.6460     0.70048E-01
  2.6600     0.70635E-01
  2.6740     0.68413E-01
  2.6880     0.68623E-01
  2.7020     0.71054E-01
  2.7160     0.68581E-01
  2.7300     0.70174E-01
  2.7440     0.71348E-01
  2.7580     0.69168E-01
  2.7720     0.72647E-01
  2.7860     0.69797E-01
  2.8000     0.70468E-01
  2.8140     0.71725E-01
  2.8280     0.73737E-01
  2.8420     0.71557E-01
  2.8560     0.73234E-01
  2.8700     0.72605E-01
  2.8840     0.74157E-01
  2.8980     0.74995E-01
  2.9120     0.71054E-01
  2.9260     0.74534E-01
  2.9400     0.72564E-01
  2.9540     0.79229E-01
  2.9680     0.74492E-01
  2.9820     0.71599E-01
  2.9960     0.73737E-01
  3.0100     0.72480E-01
  3.0240     0.75666E-01
  3.0380     0.75791E-01
  3.0520     0.75959E-01
  3.0660     0.74618E-01
  3.0800     0.74701E-01
  3.0940     0.72270E-01
  3.1080     0.74576E-01
  3.1220     0.72396E-01
  3.1360     0.69168E-01
  3.1500     0.72396E-01
  3.1640     0.73360E-01
  3.1780     0.71222E-01
  3.1920     0.72061E-01
  3.2060     0.73779E-01
  3.2200     0.69965E-01
  3.2340     0.71432E-01
  3.2480     0.74073E-01
  3.2620     0.67659E-01
  3.2760     0.67407E-01
  3.2900     0.69587E-01
  3.3040     0.72731E-01
  3.3180     0.67324E-01
  3.3320     0.71390E-01
  3.3460     0.72019E-01
  3.3600     0.69294E-01
  3.3740     0.67617E-01
  3.3880     0.66737E-01
  3.4020     0.67869E-01
  3.4160     0.67030E-01
  3.4300     0.67282E-01
  3.4440     0.67785E-01
  3.4580     0.66150E-01
  3.4720     0.68833E-01
  3.4860     0.65395E-01
  3.5000     0.68791E-01
  3.5140     0.62712E-01
  3.5280     0.66108E-01
  3.5420     0.66359E-01
  3.5560     0.63551E-01
  3.5700     0.64263E-01
  3.5840     0.67827E-01
  3.5980     0.64012E-01
  3.6120     0.66988E-01
  3.6260     0.61958E-01
  3.6400     0.64976E-01
  3.6540     0.65269E-01
  3.6680     0.64725E-01
  3.6820     0.61497E-01
  3.6960     0.64347E-01
  3.7100     0.63299E-01
  3.7240     0.60826E-01
  3.7380     0.62670E-01
  3.7520     0.61245E-01
  3.7660     0.61371E-01
  3.7800     0.63257E-01
  3.7940     0.60029E-01
  3.8080     0.61539E-01
  3.8220     0.60113E-01
  3.8360     0.60029E-01
  3.8500     0.57808E-01
  3.8640     0.58185E-01
  3.8780     0.58395E-01
  3.8920     0.58478E-01
  3.9060     0.59652E-01
  3.9200     0.59401E-01
  3.9340     0.61832E-01
  3.9480     0.57221E-01
  3.9620     0.54412E-01
  3.9760     0.57347E-01
  3.9900     0.56760E-01
  4.0040     0.55586E-01
  4.0180     0.58059E-01
  4.0320     0.59149E-01
  4.0460     0.55376E-01
  4.0600     0.59065E-01
  4.0740     0.56508E-01
  4.0880     0.57263E-01
  4.1020     0.56299E-01
  4.1160     0.57095E-01
  4.1300     0.54580E-01
  4.1440     0.54245E-01
  4.1580     0.56760E-01
  4.1720     0.55083E-01
  4.1860     0.55083E-01
  4.2000     0.52819E-01
  4.2140     0.56466E-01
  4.2280     0.54370E-01
  4.2420     0.53364E-01
  4.2560     0.56634E-01
  4.2700     0.53951E-01
  4.2840     0.52568E-01
  4.2980     0.52526E-01
  4.3120     0.50933E-01
  4.3260     0.51310E-01
  4.3400     0.54831E-01
  4.3540     0.50430E-01
  4.3680     0.49759E-01
  4.3820     0.51897E-01
  4.3960     0.50597E-01
  4.4100     0.48040E-01
  4.4240     0.50262E-01
  4.4380     0.51729E-01
  4.4520     0.50807E-01
  4.4660     0.50346E-01
  4.4800     0.50514E-01
  4.4940     0.47747E-01
  4.5080     0.49927E-01
  4.5220     0.48501E-01
  4.5360     0.48250E-01
  4.5500     0.48250E-01
  4.5640     0.50136E-01
  4.5780     0.48921E-01
  4.5920     0.48963E-01
  4.6060     0.48166E-01
  4.6200     0.47873E-01
  4.6340     0.49969E-01
  4.6480     0.46950E-01
  4.6620     0.49172E-01
  4.6760     0.46867E-01
  4.6900     0.47202E-01
  4.7040     0.45357E-01
  4.7180     0.46405E-01
  4.7320     0.45064E-01
  4.7460     0.46154E-01
  4.7600     0.47537E-01
  4.7740     0.46364E-01
  4.7880     0.43639E-01
  4.8020     0.44729E-01
  4.8160     0.48334E-01
  4.8300     0.43848E-01
  4.8440     0.44058E-01
  4.8580     0.43220E-01
  4.8720     0.43178E-01
  4.8860     0.44561E-01
  4.9000     0.41459E-01
  4.9140     0.42339E-01
  4.9280     0.43890E-01
  4.9420     0.42255E-01
  4.9560     0.43345E-01
  4.9700     0.40159E-01
  4.9840     0.41459E-01
  4.9980     0.42046E-01
  5.0120     0.41165E-01
  5.0260     0.42926E-01
  5.0400     0.42758E-01
  5.0540     0.41794E-01
  5.0680     0.42213E-01
  5.0820     0.39237E-01
  5.0960     0.40746E-01
  5.1100     0.40537E-01
  5.1240     0.41459E-01
  5.1380     0.41752E-01
  5.1520     0.42088E-01
  5.1660     0.39866E-01
  5.1800     0.39950E-01
  5.1940     0.43848E-01
  5.2080     0.43681E-01
  5.2220     0.43136E-01
  5.2360     0.43765E-01
  5.2500     0.43513E-01
  5.2640     0.46364E-01
  5.2780     0.42130E-01
  5.2920     0.42172E-01
  5.3060     0.41417E-01
  5.3200     0.41249E-01
  5.3340     0.42339E-01
  5.3480     0.40830E-01
  5.3620     0.42172E-01
  5.3760     0.44309E-01
  5.3900     0.43932E-01
  5.4040     0.43178E-01
  5.4180     0.40285E-01
  5.4320     0.42884E-01
  5.4460     0.42088E-01
  5.4600     0.41291E-01
  5.4740     0.42213E-01
  5.4880     0.43932E-01
  5.5020     0.40830E-01
  5.5160     0.41291E-01
  5.5300     0.43429E-01
  5.5440     0.43681E-01
  5.5580     0.38273E-01
  5.5720     0.42717E-01
  5.5860     0.41794E-01
  5.6000     0.42004E-01
  5.6140     0.41878E-01
  5.6280     0.41082E-01
  5.6420     0.43429E-01
  5.6560     0.44393E-01
  5.6700     0.42549E-01
  5.6840     0.41836E-01
  5.6980     0.41794E-01
  5.7120     0.42842E-01
  5.7260     0.42926E-01
  5.7400     0.43094E-01
  5.7540     0.42046E-01
  5.7680     0.39489E-01
  5.7820     0.41417E-01
  5.7960     0.43094E-01
  5.8100     0.42633E-01
  5.8240     0.39782E-01
  5.8380     0.43974E-01
  5.8520     0.41249E-01
  5.8660     0.42297E-01
  5.8800     0.42717E-01
  5.8940     0.41752E-01
  5.9080     0.43094E-01
  5.9220     0.40830E-01
  5.9360     0.45777E-01
  5.9500     0.40495E-01
  5.9640     0.42297E-01
  5.9780     0.41417E-01
  5.9920     0.40453E-01
  6.0060     0.24775E-01
  6.0200      0.0000    
  6.0340      0.0000    
  6.0480      0.0000    
  6.0620      0.0000    
  6.0760      0.0000    
  6.0900      0.0000    
  6.1040      0.0000    
  6.1180      0.0000    
  6.1320      0.0000    
  6.1460      0.0000    
  6.1600      0.0000    
  6.1740      0.0000    
  6.1880      0.0000    
  6.2020      0.0000    
  6.2160      0.0000    
  6.2300      0.0000    
  6.2440      0.0000    
  6.2580      0.0000    
  6.2720      0.0000    
  6.2860      0.0000    
  6.3000      0.0000    
  6.3140      0.0000    
  6.3280      0.0000    
  6.3420      0.0000    
  6.3560      0.0000    
  6.3700      0.0000    
  6.3840      0.0000    
  6.3980      0.0000    
  6.4120      0.0000    
  6.4260      0.0000    
  6.4400      0.0000    
  6.4540      0.0000    
  6.4680      0.0000    
  6.4820      0.0000    
  6.4960      0.0000    
  6.5100      0.0000    
  6.5240      0.0000    
  6.5380      0.0000    
  6.5520      0.0000    
  6.5660      0.0000    
  6.5800      0.0000    
  6.5940      0.0000    
  6.6080      0.0000    
  6.6220      0.0000    
  6.6360      0.0000    
  6.6500      0.0000    
  6.6640      0.0000    
  6.6780      0.0000    
  6.6920      0.0000    
  6.7060      0.0000    
  6.7200      0.0000    
  6.7340      0.0000    
  6.7480      0.0000    
  6.7620      0.0000    
  6.7760      0.0000    
  6.7900      0.0000    
  6.8040      0.0000    
  6.8180      0.0000    
  6.8320      0.0000    
  6.8460      0.0000    
  6.8600      0.0000    
  6.8740      0.0000    
  6.8880      0.0000    
  6.9020      0.0000    
  6.9160      0.0000    
  6.9300      0.0000    
  6.9440      0.0000    
  6.9580      0.0000    
  6.9720      0.0000    
  6.9860      0.0000    
  7.0000      0.0000    
