 #This file contains the density of states for the ensemble. First column is
 # right edge of bin, fraction of contributions per bin
 #Size of clusters = #           1
 #Disorder Strength =    10.00000    
 #Bond Cutoff =    1.000000    
 #Interaction strength =    6.000000    
 #Dimensions =         1000
 #Number of systems =        10000
 -6.9860     0.24443E-18
 -6.9720      0.0000    
 -6.9580      0.0000    
 -6.9440      0.0000    
 -6.9300      0.0000    
 -6.9160      0.0000    
 -6.9020      0.0000    
 -6.8880      0.0000    
 -6.8740      0.0000    
 -6.8600      0.0000    
 -6.8460      0.0000    
 -6.8320      0.0000    
 -6.8180      0.0000    
 -6.8040      0.0000    
 -6.7900      0.0000    
 -6.7760      0.0000    
 -6.7620      0.0000    
 -6.7480      0.0000    
 -6.7340      0.0000    
 -6.7200      0.0000    
 -6.7060      0.0000    
 -6.6920      0.0000    
 -6.6780      0.0000    
 -6.6640      0.0000    
 -6.6500      0.0000    
 -6.6360      0.0000    
 -6.6220      0.0000    
 -6.6080      0.0000    
 -6.5940      0.0000    
 -6.5800      0.0000    
 -6.5660      0.0000    
 -6.5520      0.0000    
 -6.5380      0.0000    
 -6.5240      0.0000    
 -6.5100      0.0000    
 -6.4960      0.0000    
 -6.4820      0.0000    
 -6.4680      0.0000    
 -6.4540      0.0000    
 -6.4400      0.0000    
 -6.4260      0.0000    
 -6.4120      0.0000    
 -6.3980      0.0000    
 -6.3840      0.0000    
 -6.3700      0.0000    
 -6.3560      0.0000    
 -6.3420      0.0000    
 -6.3280      0.0000    
 -6.3140      0.0000    
 -6.3000      0.0000    
 -6.2860      0.0000    
 -6.2720      0.0000    
 -6.2580      0.0000    
 -6.2440      0.0000    
 -6.2300      0.0000    
 -6.2160      0.0000    
 -6.2020      0.0000    
 -6.1880      0.0000    
 -6.1740      0.0000    
 -6.1600      0.0000    
 -6.1460      0.0000    
 -6.1320      0.0000    
 -6.1180      0.0000    
 -6.1040      0.0000    
 -6.0900      0.0000    
 -6.0760      0.0000    
 -6.0620      0.0000    
 -6.0480      0.0000    
 -6.0340      0.0000    
 -6.0200      0.0000    
 -6.0060      0.0000    
 -5.9920     0.23460E-01
 -5.9780     0.42232E-01
 -5.9640     0.42483E-01
 -5.9500     0.42458E-01
 -5.9360     0.43054E-01
 -5.9220     0.43062E-01
 -5.9080     0.43347E-01
 -5.8940     0.42358E-01
 -5.8800     0.42517E-01
 -5.8660     0.43222E-01
 -5.8520     0.43205E-01
 -5.8380     0.42257E-01
 -5.8240     0.42039E-01
 -5.8100     0.41502E-01
 -5.7960     0.41880E-01
 -5.7820     0.42710E-01
 -5.7680     0.41141E-01
 -5.7540     0.41779E-01
 -5.7400     0.42500E-01
 -5.7260     0.41636E-01
 -5.7120     0.43633E-01
 -5.6980     0.42442E-01
 -5.6840     0.42827E-01
 -5.6700     0.42249E-01
 -5.6560     0.42911E-01
 -5.6420     0.41687E-01
 -5.6280     0.42576E-01
 -5.6140     0.43398E-01
 -5.6000     0.42274E-01
 -5.5860     0.41829E-01
 -5.5720     0.43423E-01
 -5.5580     0.42660E-01
 -5.5440     0.41930E-01
 -5.5300     0.42534E-01
 -5.5160     0.42609E-01
 -5.5020     0.42282E-01
 -5.4880     0.42500E-01
 -5.4740     0.41301E-01
 -5.4600     0.43138E-01
 -5.4460     0.41997E-01
 -5.4320     0.42274E-01
 -5.4180     0.42592E-01
 -5.4040     0.42601E-01
 -5.3900     0.42693E-01
 -5.3760     0.42525E-01
 -5.3620     0.41427E-01
 -5.3480     0.41947E-01
 -5.3340     0.42601E-01
 -5.3200     0.42760E-01
 -5.3060     0.43087E-01
 -5.2920     0.42534E-01
 -5.2780     0.41477E-01
 -5.2640     0.41980E-01
 -5.2500     0.41334E-01
 -5.2360     0.42140E-01
 -5.2220     0.42567E-01
 -5.2080     0.41594E-01
 -5.1940     0.41779E-01
 -5.1800     0.41896E-01
 -5.1660     0.42853E-01
 -5.1520     0.43087E-01
 -5.1380     0.42014E-01
 -5.1240     0.40890E-01
 -5.1100     0.41947E-01
 -5.0960     0.41980E-01
 -5.0820     0.42173E-01
 -5.0680     0.42366E-01
 -5.0540     0.42358E-01
 -5.0400     0.42643E-01
 -5.0260     0.42853E-01
 -5.0120     0.41687E-01
 -4.9980     0.42400E-01
 -4.9840     0.41661E-01
 -4.9700     0.42181E-01
 -4.9560     0.42383E-01
 -4.9420     0.43079E-01
 -4.9280     0.43238E-01
 -4.9140     0.41787E-01
 -4.9000     0.42467E-01
 -4.8860     0.43163E-01
 -4.8720     0.43725E-01
 -4.8580     0.44907E-01
 -4.8440     0.44681E-01
 -4.8300     0.43574E-01
 -4.8160     0.45176E-01
 -4.8020     0.44757E-01
 -4.7880     0.45721E-01
 -4.7740     0.46099E-01
 -4.7600     0.45235E-01
 -4.7460     0.45939E-01
 -4.7320     0.46031E-01
 -4.7180     0.46484E-01
 -4.7040     0.45981E-01
 -4.6900     0.45981E-01
 -4.6760     0.47088E-01
 -4.6620     0.46442E-01
 -4.6480     0.47071E-01
 -4.6340     0.48003E-01
 -4.6200     0.48145E-01
 -4.6060     0.47172E-01
 -4.5920     0.47415E-01
 -4.5780     0.48246E-01
 -4.5640     0.49118E-01
 -4.5500     0.47214E-01
 -4.5360     0.49663E-01
 -4.5220     0.50049E-01
 -4.5080     0.50150E-01
 -4.4940     0.50854E-01
 -4.4800     0.49236E-01
 -4.4660     0.49571E-01
 -4.4520     0.50410E-01
 -4.4380     0.51114E-01
 -4.4240     0.50393E-01
 -4.4100     0.51181E-01
 -4.3960     0.51131E-01
 -4.3820     0.51005E-01
 -4.3680     0.52171E-01
 -4.3540     0.51701E-01
 -4.3400     0.51232E-01
 -4.3260     0.53002E-01
 -4.3120     0.52171E-01
 -4.2980     0.53329E-01
 -4.2840     0.52188E-01
 -4.2700     0.52943E-01
 -4.2560     0.53782E-01
 -4.2420     0.53840E-01
 -4.2280     0.54511E-01
 -4.2140     0.53849E-01
 -4.2000     0.53698E-01
 -4.1860     0.53186E-01
 -4.1720     0.55929E-01
 -4.1580     0.53958E-01
 -4.1440     0.55191E-01
 -4.1300     0.55786E-01
 -4.1160     0.55308E-01
 -4.1020     0.55577E-01
 -4.0880     0.55996E-01
 -4.0740     0.56558E-01
 -4.0600     0.55283E-01
 -4.0460     0.55803E-01
 -4.0320     0.56994E-01
 -4.0180     0.55652E-01
 -4.0040     0.56692E-01
 -3.9900     0.58261E-01
 -3.9760     0.57648E-01
 -3.9620     0.57556E-01
 -3.9480     0.59385E-01
 -3.9340     0.56969E-01
 -3.9200     0.56843E-01
 -3.9060     0.59410E-01
 -3.8920     0.59653E-01
 -3.8780     0.59343E-01
 -3.8640     0.59166E-01
 -3.8500     0.59896E-01
 -3.8360     0.58881E-01
 -3.8220     0.60483E-01
 -3.8080     0.60014E-01
 -3.7940     0.60785E-01
 -3.7800     0.60576E-01
 -3.7660     0.60425E-01
 -3.7520     0.61440E-01
 -3.7380     0.61180E-01
 -3.7240     0.61624E-01
 -3.7100     0.63193E-01
 -3.6960     0.62664E-01
 -3.6820     0.61909E-01
 -3.6680     0.63562E-01
 -3.6540     0.63235E-01
 -3.6400     0.64484E-01
 -3.6260     0.64082E-01
 -3.6120     0.64157E-01
 -3.5980     0.64929E-01
 -3.5840     0.63847E-01
 -3.5700     0.66111E-01
 -3.5560     0.65029E-01
 -3.5420     0.64157E-01
 -3.5280     0.65474E-01
 -3.5140     0.64929E-01
 -3.5000     0.66288E-01
 -3.4860     0.67202E-01
 -3.4720     0.66070E-01
 -3.4580     0.66489E-01
 -3.4440     0.65466E-01
 -3.4300     0.68141E-01
 -3.4160     0.65977E-01
 -3.4020     0.66430E-01
 -3.3880     0.68234E-01
 -3.3740     0.67386E-01
 -3.3600     0.67344E-01
 -3.3460     0.67957E-01
 -3.3320     0.69710E-01
 -3.3180     0.69609E-01
 -3.3040     0.70213E-01
 -3.2900     0.69685E-01
 -3.2760     0.70683E-01
 -3.2620     0.71245E-01
 -3.2480     0.71337E-01
 -3.2340     0.69257E-01
 -3.2200     0.70439E-01
 -3.2060     0.70901E-01
 -3.1920     0.71463E-01
 -3.1780     0.72075E-01
 -3.1640     0.73082E-01
 -3.1500     0.71656E-01
 -3.1360     0.72385E-01
 -3.1220     0.73199E-01
 -3.1080     0.72897E-01
 -3.0940     0.73526E-01
 -3.0800     0.73568E-01
 -3.0660     0.74675E-01
 -3.0520     0.72981E-01
 -3.0380     0.74977E-01
 -3.0240     0.74784E-01
 -3.0100     0.73727E-01
 -2.9960     0.75875E-01
 -2.9820     0.75598E-01
 -2.9680     0.74860E-01
 -2.9540     0.73795E-01
 -2.9400     0.72528E-01
 -2.9260     0.74013E-01
 -2.9120     0.73384E-01
 -2.8980     0.72511E-01
 -2.8840     0.71731E-01
 -2.8700     0.74038E-01
 -2.8560     0.71798E-01
 -2.8420     0.72151E-01
 -2.8280     0.71605E-01
 -2.8140     0.70691E-01
 -2.8000     0.70775E-01
 -2.7860     0.71958E-01
 -2.7720     0.71387E-01
 -2.7580     0.71253E-01
 -2.7440     0.69324E-01
 -2.7300     0.69525E-01
 -2.7160     0.70700E-01
 -2.7020     0.70867E-01
 -2.6880     0.70473E-01
 -2.6740     0.69542E-01
 -2.6600     0.68972E-01
 -2.6460     0.68955E-01
 -2.6320     0.67428E-01
 -2.6180     0.68502E-01
 -2.6040     0.67613E-01
 -2.5900     0.67638E-01
 -2.5760     0.67244E-01
 -2.5620     0.67311E-01
 -2.5480     0.65793E-01
 -2.5340     0.66195E-01
 -2.5200     0.65969E-01
 -2.5060     0.65289E-01
 -2.4920     0.66153E-01
 -2.4780     0.65071E-01
 -2.4640     0.66715E-01
 -2.4500     0.64686E-01
 -2.4360     0.64182E-01
 -2.4220     0.65046E-01
 -2.4080     0.65382E-01
 -2.3940     0.64249E-01
 -2.3800     0.64644E-01
 -2.3660     0.63864E-01
 -2.3520     0.65046E-01
 -2.3380     0.63914E-01
 -2.3240     0.62429E-01
 -2.3100     0.62186E-01
 -2.2960     0.61658E-01
 -2.2820     0.61381E-01
 -2.2680     0.62907E-01
 -2.2540     0.61708E-01
 -2.2400     0.62404E-01
 -2.2260     0.62614E-01
 -2.2120     0.62320E-01
 -2.1980     0.61070E-01
 -2.1840     0.60341E-01
 -2.1700     0.61188E-01
 -2.1560     0.58755E-01
 -2.1420     0.59997E-01
 -2.1280     0.60207E-01
 -2.1140     0.58789E-01
 -2.1000     0.58915E-01
 -2.0860     0.59796E-01
 -2.0720     0.59141E-01
 -2.0580     0.59158E-01
 -2.0440     0.57145E-01
 -2.0300     0.58940E-01
 -2.0160     0.57053E-01
 -2.0020     0.57866E-01
 -1.9880     0.15541    
 -1.9740     0.17210    
 -1.9600     0.16927    
 -1.9460     0.16792    
 -1.9320     0.16795    
 -1.9180     0.16655    
 -1.9040     0.16828    
 -1.8900     0.16653    
 -1.8760     0.16851    
 -1.8620     0.16585    
 -1.8480     0.16841    
 -1.8340     0.16280    
 -1.8200     0.16520    
 -1.8060     0.16462    
 -1.7920     0.16488    
 -1.7780     0.16251    
 -1.7640     0.16332    
 -1.7500     0.15827    
 -1.7360     0.16190    
 -1.7220     0.16031    
 -1.7080     0.16077    
 -1.6940     0.15940    
 -1.6800     0.15871    
 -1.6660     0.15776    
 -1.6520     0.15672    
 -1.6380     0.15460    
 -1.6240     0.15494    
 -1.6100     0.15351    
 -1.5960     0.15178    
 -1.5820     0.15353    
 -1.5680     0.15267    
 -1.5540     0.15391    
 -1.5400     0.14928    
 -1.5260     0.14985    
 -1.5120     0.15141    
 -1.4980     0.14944    
 -1.4840     0.14479    
 -1.4700     0.14581    
 -1.4560     0.14803    
 -1.4420     0.14681    
 -1.4280     0.14616    
 -1.4140     0.14535    
 -1.4000     0.14371    
 -1.3860     0.14221    
 -1.3720     0.14413    
 -1.3580     0.14345    
 -1.3440     0.14036    
 -1.3300     0.14168    
 -1.3160     0.14139    
 -1.3020     0.13873    
 -1.2880     0.14064    
 -1.2740     0.13746    
 -1.2600     0.13791    
 -1.2460     0.13751    
 -1.2320     0.13858    
 -1.2180     0.13611    
 -1.2040     0.13682    
 -1.1900     0.13574    
 -1.1760     0.13472    
 -1.1620     0.13360    
 -1.1480     0.13370    
 -1.1340     0.13144    
 -1.1200     0.13292    
 -1.1060     0.13244    
 -1.0920     0.13042    
 -1.0780     0.12886    
 -1.0640     0.13024    
 -1.0500     0.12912    
 -1.0360     0.12935    
 -1.0220     0.12898    
 -1.0080     0.12655    
-0.99400     0.12623    
-0.98000     0.12812    
-0.96600     0.12686    
-0.95200     0.12901    
-0.93800     0.12703    
-0.92400     0.12727    
-0.91000     0.12654    
-0.89600     0.12633    
-0.88200     0.12765    
-0.86800     0.12714    
-0.85400     0.12707    
-0.84000     0.12633    
-0.82600     0.12672    
-0.81200     0.12829    
-0.79800     0.12535    
-0.78400     0.12454    
-0.77000     0.12636    
-0.75600     0.12496    
-0.74200     0.12619    
-0.72800     0.12673    
-0.71400     0.12731    
-0.70000     0.12873    
-0.68600     0.12744    
-0.67200     0.12593    
-0.65800     0.12591    
-0.64400     0.12595    
-0.63000     0.12861    
-0.61600     0.12624    
-0.60200     0.12621    
-0.58800     0.12785    
-0.57400     0.12706    
-0.56000     0.12754    
-0.54600     0.12916    
-0.53200     0.12700    
-0.51800     0.12722    
-0.50400     0.12495    
-0.49000     0.12434    
-0.47600     0.12737    
-0.46200     0.12424    
-0.44800     0.12761    
-0.43400     0.12771    
-0.42000     0.12650    
-0.40600     0.12978    
-0.39200     0.12800    
-0.37800     0.12713    
-0.36400     0.12810    
-0.35000     0.12598    
-0.33600     0.12869    
-0.32200     0.12743    
-0.30800     0.12555    
-0.29400     0.12762    
-0.28000     0.12595    
-0.26600     0.12650    
-0.25200     0.12785    
-0.23800     0.12728    
-0.22400     0.12352    
-0.21000     0.12577    
-0.19600     0.13070    
-0.18200     0.12640    
-0.16800     0.12639    
-0.15400     0.12836    
-0.14000     0.12735    
-0.12600     0.12815    
-0.11200     0.13026    
-0.98000E-01 0.12671    
-0.84000E-01 0.12597    
-0.70000E-01 0.12805    
-0.56000E-01 0.12660    
-0.42000E-01 0.12624    
-0.28000E-01 0.12652    
-0.13999E-01 0.12656    
 0.47684E-06 0.12576    
 0.14000E-01 0.12595    
 0.28000E-01 0.12681    
 0.42000E-01 0.12618    
 0.56000E-01 0.12869    
 0.70000E-01 0.12947    
 0.84000E-01 0.12800    
 0.98001E-01 0.12630    
 0.11200     0.12554    
 0.12600     0.12737    
 0.14000     0.12882    
 0.15400     0.12899    
 0.16800     0.12704    
 0.18200     0.12729    
 0.19600     0.12715    
 0.21000     0.12650    
 0.22400     0.12672    
 0.23800     0.12671    
 0.25200     0.12584    
 0.26600     0.12684    
 0.28000     0.12841    
 0.29400     0.12793    
 0.30800     0.12717    
 0.32200     0.12605    
 0.33600     0.12721    
 0.35000     0.12592    
 0.36400     0.12713    
 0.37800     0.12898    
 0.39200     0.12552    
 0.40600     0.12722    
 0.42000     0.12631    
 0.43400     0.12837    
 0.44800     0.12743    
 0.46200     0.12693    
 0.47600     0.12812    
 0.49000     0.12821    
 0.50400     0.12584    
 0.51800     0.12584    
 0.53200     0.12696    
 0.54600     0.12758    
 0.56000     0.12839    
 0.57400     0.12550    
 0.58800     0.12687    
 0.60200     0.12451    
 0.61600     0.12559    
 0.63000     0.12523    
 0.64400     0.12775    
 0.65800     0.12730    
 0.67200     0.12737    
 0.68600     0.12677    
 0.70000     0.12509    
 0.71400     0.12711    
 0.72800     0.12770    
 0.74200     0.12853    
 0.75600     0.12721    
 0.77000     0.12784    
 0.78400     0.12747    
 0.79800     0.12513    
 0.81200     0.12584    
 0.82600     0.12652    
 0.84000     0.12732    
 0.85400     0.12583    
 0.86800     0.12411    
 0.88200     0.12732    
 0.89600     0.12567    
 0.91000     0.12790    
 0.92400     0.12425    
 0.93800     0.12593    
 0.95200     0.12704    
 0.96600     0.12601    
 0.98000     0.12588    
 0.99400     0.12702    
  1.0080     0.12852    
  1.0220     0.12682    
  1.0360     0.12726    
  1.0500     0.12924    
  1.0640     0.12849    
  1.0780     0.12880    
  1.0920     0.12806    
  1.1060     0.12983    
  1.1200     0.12790    
  1.1340     0.13186    
  1.1480     0.13500    
  1.1620     0.13299    
  1.1760     0.13193    
  1.1900     0.13283    
  1.2040     0.13448    
  1.2180     0.13601    
  1.2320     0.13697    
  1.2460     0.13626    
  1.2600     0.13793    
  1.2740     0.13755    
  1.2880     0.13848    
  1.3020     0.13960    
  1.3160     0.13985    
  1.3300     0.13970    
  1.3440     0.14066    
  1.3580     0.14234    
  1.3720     0.14336    
  1.3860     0.14327    
  1.4000     0.14302    
  1.4140     0.14629    
  1.4280     0.14496    
  1.4420     0.14602    
  1.4560     0.14704    
  1.4700     0.14865    
  1.4840     0.14878    
  1.4980     0.14822    
  1.5120     0.14756    
  1.5260     0.14913    
  1.5400     0.14940    
  1.5540     0.15035    
  1.5680     0.15270    
  1.5820     0.15165    
  1.5960     0.15312    
  1.6100     0.15533    
  1.6240     0.15427    
  1.6380     0.15462    
  1.6520     0.15463    
  1.6660     0.15845    
  1.6800     0.15933    
  1.6940     0.15912    
  1.7080     0.15809    
  1.7220     0.15826    
  1.7360     0.16160    
  1.7500     0.15975    
  1.7640     0.16133    
  1.7780     0.15994    
  1.7920     0.16259    
  1.8060     0.16181    
  1.8200     0.16496    
  1.8340     0.16465    
  1.8480     0.16275    
  1.8620     0.16613    
  1.8760     0.16472    
  1.8900     0.16535    
  1.9040     0.17014    
  1.9180     0.17012    
  1.9320     0.16741    
  1.9460     0.16870    
  1.9600     0.16843    
  1.9740     0.16962    
  1.9880     0.17096    
  2.0020     0.15461    
  2.0160     0.57774E-01
  2.0300     0.58235E-01
  2.0440     0.57732E-01
  2.0580     0.58026E-01
  2.0720     0.57162E-01
  2.0860     0.57900E-01
  2.1000     0.59242E-01
  2.1140     0.59687E-01
  2.1280     0.59628E-01
  2.1420     0.60257E-01
  2.1560     0.58361E-01
  2.1700     0.59645E-01
  2.1840     0.60232E-01
  2.1980     0.60509E-01
  2.2120     0.61020E-01
  2.2260     0.60156E-01
  2.2400     0.61003E-01
  2.2540     0.61322E-01
  2.2680     0.61297E-01
  2.2820     0.61825E-01
  2.2960     0.63260E-01
  2.3100     0.62069E-01
  2.3240     0.63260E-01
  2.3380     0.63704E-01
  2.3520     0.63302E-01
  2.3660     0.63847E-01
  2.3800     0.64233E-01
  2.3940     0.64786E-01
  2.4080     0.64350E-01
  2.4220     0.64518E-01
  2.4360     0.65709E-01
  2.4500     0.64769E-01
  2.4640     0.64904E-01
  2.4780     0.64744E-01
  2.4920     0.65516E-01
  2.5060     0.66439E-01
  2.5200     0.67974E-01
  2.5340     0.65642E-01
  2.5480     0.66313E-01
  2.5620     0.66162E-01
  2.5760     0.67269E-01
  2.5900     0.66858E-01
  2.6040     0.67135E-01
  2.6180     0.67336E-01
  2.6320     0.67823E-01
  2.6460     0.67672E-01
  2.6600     0.68678E-01
  2.6740     0.69685E-01
  2.6880     0.69911E-01
  2.7020     0.69710E-01
  2.7160     0.70146E-01
  2.7300     0.70599E-01
  2.7440     0.71547E-01
  2.7580     0.70599E-01
  2.7720     0.69374E-01
  2.7860     0.70549E-01
  2.8000     0.72008E-01
  2.8140     0.70934E-01
  2.8280     0.73056E-01
  2.8420     0.72092E-01
  2.8560     0.71782E-01
  2.8700     0.72654E-01
  2.8840     0.73627E-01
  2.8980     0.72385E-01
  2.9120     0.73836E-01
  2.9260     0.74063E-01
  2.9400     0.74298E-01
  2.9540     0.73476E-01
  2.9680     0.75137E-01
  2.9820     0.74684E-01
  2.9960     0.74298E-01
  3.0100     0.75539E-01
  3.0240     0.75757E-01
  3.0380     0.73795E-01
  3.0520     0.72964E-01
  3.0660     0.73602E-01
  3.0800     0.73870E-01
  3.0940     0.72897E-01
  3.1080     0.71756E-01
  3.1220     0.72511E-01
  3.1360     0.73451E-01
  3.1500     0.72796E-01
  3.1640     0.71790E-01
  3.1780     0.71077E-01
  3.1920     0.70171E-01
  3.2060     0.71647E-01
  3.2200     0.71396E-01
  3.2340     0.71178E-01
  3.2480     0.70926E-01
  3.2620     0.69081E-01
  3.2760     0.70725E-01
  3.2900     0.70012E-01
  3.3040     0.70347E-01
  3.3180     0.71018E-01
  3.3320     0.69232E-01
  3.3460     0.68728E-01
  3.3600     0.67999E-01
  3.3740     0.68024E-01
  3.3880     0.68175E-01
  3.4020     0.67722E-01
  3.4160     0.67470E-01
  3.4300     0.67076E-01
  3.4440     0.67042E-01
  3.4580     0.65524E-01
  3.4720     0.66296E-01
  3.4860     0.65382E-01
  3.5000     0.65994E-01
  3.5140     0.65860E-01
  3.5280     0.65617E-01
  3.5420     0.65902E-01
  3.5560     0.64551E-01
  3.5700     0.64056E-01
  3.5840     0.66120E-01
  3.5980     0.64929E-01
  3.6120     0.64258E-01
  3.6260     0.63872E-01
  3.6400     0.64283E-01
  3.6540     0.65700E-01
  3.6680     0.62337E-01
  3.6820     0.62345E-01
  3.6960     0.61951E-01
  3.7100     0.61540E-01
  3.7240     0.62136E-01
  3.7380     0.62060E-01
  3.7520     0.62614E-01
  3.7660     0.62337E-01
  3.7800     0.62849E-01
  3.7940     0.61456E-01
  3.8080     0.61003E-01
  3.8220     0.60701E-01
  3.8360     0.59687E-01
  3.8500     0.59024E-01
  3.8640     0.60567E-01
  3.8780     0.59896E-01
  3.8920     0.58630E-01
  3.9060     0.59225E-01
  3.9200     0.59317E-01
  3.9340     0.59074E-01
  3.9480     0.57917E-01
  3.9620     0.57799E-01
  3.9760     0.57967E-01
  3.9900     0.58101E-01
  4.0040     0.58345E-01
  4.0180     0.57262E-01
  4.0320     0.57128E-01
  4.0460     0.56046E-01
  4.0600     0.56843E-01
  4.0740     0.56600E-01
  4.0880     0.55619E-01
  4.1020     0.55744E-01
  4.1160     0.57422E-01
  4.1300     0.55258E-01
  4.1440     0.56248E-01
  4.1580     0.55082E-01
  4.1720     0.54327E-01
  4.1860     0.52331E-01
  4.2000     0.55191E-01
  4.2140     0.54595E-01
  4.2280     0.54335E-01
  4.2420     0.54067E-01
  4.2560     0.53790E-01
  4.2700     0.52716E-01
  4.2840     0.53614E-01
  4.2980     0.51861E-01
  4.3120     0.52498E-01
  4.3260     0.51609E-01
  4.3400     0.52247E-01
  4.3540     0.51651E-01
  4.3680     0.51727E-01
  4.3820     0.51727E-01
  4.3960     0.49890E-01
  4.4100     0.50879E-01
  4.4240     0.51995E-01
  4.4380     0.51341E-01
  4.4520     0.50611E-01
  4.4660     0.50477E-01
  4.4800     0.50024E-01
  4.4940     0.50032E-01
  4.5080     0.49328E-01
  4.5220     0.49076E-01
  4.5360     0.49403E-01
  4.5500     0.48799E-01
  4.5640     0.48321E-01
  4.5780     0.48271E-01
  4.5920     0.48061E-01
  4.6060     0.48900E-01
  4.6200     0.48103E-01
  4.6340     0.47575E-01
  4.6480     0.47290E-01
  4.6620     0.47290E-01
  4.6760     0.46602E-01
  4.6900     0.47617E-01
  4.7040     0.46048E-01
  4.7180     0.46560E-01
  4.7320     0.45394E-01
  4.7460     0.46954E-01
  4.7600     0.46065E-01
  4.7740     0.45839E-01
  4.7880     0.46006E-01
  4.8020     0.44916E-01
  4.8160     0.46409E-01
  4.8300     0.43943E-01
  4.8440     0.45528E-01
  4.8580     0.44404E-01
  4.8720     0.42576E-01
  4.8860     0.44773E-01
  4.9000     0.45109E-01
  4.9140     0.43465E-01
  4.9280     0.43154E-01
  4.9420     0.42735E-01
  4.9560     0.43515E-01
  4.9700     0.43373E-01
  4.9840     0.42341E-01
  4.9980     0.41980E-01
  5.0120     0.41687E-01
  5.0260     0.42500E-01
  5.0400     0.41771E-01
  5.0540     0.42970E-01
  5.0680     0.42483E-01
  5.0820     0.42676E-01
  5.0960     0.40839E-01
  5.1100     0.42014E-01
  5.1240     0.42341E-01
  5.1380     0.42643E-01
  5.1520     0.42492E-01
  5.1660     0.41578E-01
  5.1800     0.42374E-01
  5.1940     0.42752E-01
  5.2080     0.41544E-01
  5.2220     0.42140E-01
  5.2360     0.41561E-01
  5.2500     0.42324E-01
  5.2640     0.42223E-01
  5.2780     0.41695E-01
  5.2920     0.42769E-01
  5.3060     0.42525E-01
  5.3200     0.42190E-01
  5.3340     0.41854E-01
  5.3480     0.41318E-01
  5.3620     0.42827E-01
  5.3760     0.42626E-01
  5.3900     0.41921E-01
  5.4040     0.41477E-01
  5.4180     0.41594E-01
  5.4320     0.42207E-01
  5.4460     0.42098E-01
  5.4600     0.42819E-01
  5.4740     0.42265E-01
  5.4880     0.42559E-01
  5.5020     0.42232E-01
  5.5160     0.42592E-01
  5.5300     0.42978E-01
  5.5440     0.42785E-01
  5.5580     0.42660E-01
  5.5720     0.42232E-01
  5.5860     0.42878E-01
  5.6000     0.42332E-01
  5.6140     0.42903E-01
  5.6280     0.41829E-01
  5.6420     0.42140E-01
  5.6560     0.42710E-01
  5.6700     0.42534E-01
  5.6840     0.42400E-01
  5.6980     0.42114E-01
  5.7120     0.41670E-01
  5.7260     0.41544E-01
  5.7400     0.43171E-01
  5.7540     0.42509E-01
  5.7680     0.40839E-01
  5.7820     0.42190E-01
  5.7960     0.42039E-01
  5.8100     0.43297E-01
  5.8240     0.42534E-01
  5.8380     0.42634E-01
  5.8520     0.43029E-01
  5.8660     0.42014E-01
  5.8800     0.42123E-01
  5.8940     0.42525E-01
  5.9080     0.41393E-01
  5.9220     0.42609E-01
  5.9360     0.41980E-01
  5.9500     0.41058E-01
  5.9640     0.42140E-01
  5.9780     0.42618E-01
  5.9920     0.41645E-01
  6.0060     0.23863E-01
  6.0200      0.0000    
  6.0340      0.0000    
  6.0480      0.0000    
  6.0620      0.0000    
  6.0760      0.0000    
  6.0900      0.0000    
  6.1040      0.0000    
  6.1180      0.0000    
  6.1320      0.0000    
  6.1460      0.0000    
  6.1600      0.0000    
  6.1740      0.0000    
  6.1880      0.0000    
  6.2020      0.0000    
  6.2160      0.0000    
  6.2300      0.0000    
  6.2440      0.0000    
  6.2580      0.0000    
  6.2720      0.0000    
  6.2860      0.0000    
  6.3000      0.0000    
  6.3140      0.0000    
  6.3280      0.0000    
  6.3420      0.0000    
  6.3560      0.0000    
  6.3700      0.0000    
  6.3840      0.0000    
  6.3980      0.0000    
  6.4120      0.0000    
  6.4260      0.0000    
  6.4400      0.0000    
  6.4540      0.0000    
  6.4680      0.0000    
  6.4820      0.0000    
  6.4960      0.0000    
  6.5100      0.0000    
  6.5240      0.0000    
  6.5380      0.0000    
  6.5520      0.0000    
  6.5660      0.0000    
  6.5800      0.0000    
  6.5940      0.0000    
  6.6080      0.0000    
  6.6220      0.0000    
  6.6360      0.0000    
  6.6500      0.0000    
  6.6640      0.0000    
  6.6780      0.0000    
  6.6920      0.0000    
  6.7060      0.0000    
  6.7200      0.0000    
  6.7340      0.0000    
  6.7480      0.0000    
  6.7620      0.0000    
  6.7760      0.0000    
  6.7900      0.0000    
  6.8040      0.0000    
  6.8180      0.0000    
  6.8320      0.0000    
  6.8460      0.0000    
  6.8600      0.0000    
  6.8740      0.0000    
  6.8880      0.0000    
  6.9020      0.0000    
  6.9160      0.0000    
  6.9300      0.0000    
  6.9440      0.0000    
  6.9580      0.0000    
  6.9720      0.0000    
  6.9860      0.0000    
  7.0000      0.0000    
