 #This file contains the density of states for the ensemble. First column is right edge of bin, fraction of contributions per bin
 #Size of clusters = #           1
 #Disorder Strength =    10.0000000    
 #Bond Cutoff =    100.000000    
 #Interaction strength =    6.00000000    
 #Dimensions =         1000
 #Number of systems =           10
 -11.976      0.0000    
 -11.952      0.0000    
 -11.928      0.0000    
 -11.904      0.0000    
 -11.880      0.0000    
 -11.856      0.0000    
 -11.832      0.0000    
 -11.808      0.0000    
 -11.784      0.0000    
 -11.760      0.0000    
 -11.736      0.0000    
 -11.712      0.0000    
 -11.688      0.0000    
 -11.664      0.0000    
 -11.640      0.0000    
 -11.616      0.0000    
 -11.592      0.0000    
 -11.568      0.0000    
 -11.544      0.0000    
 -11.520      0.0000    
 -11.496      0.0000    
 -11.472      0.0000    
 -11.448      0.0000    
 -11.424      0.0000    
 -11.400      0.0000    
 -11.376      0.0000    
 -11.352      0.0000    
 -11.328      0.0000    
 -11.304      0.0000    
 -11.280      0.0000    
 -11.256      0.0000    
 -11.232      0.0000    
 -11.208      0.0000    
 -11.184      0.0000    
 -11.160      0.0000    
 -11.136      0.0000    
 -11.112      0.0000    
 -11.088      0.0000    
 -11.064      0.0000    
 -11.040      0.0000    
 -11.016      0.0000    
 -10.992      0.0000    
 -10.968      0.0000    
 -10.944      0.0000    
 -10.920      0.0000    
 -10.896      0.0000    
 -10.872      0.0000    
 -10.848      0.0000    
 -10.824      0.0000    
 -10.800      0.0000    
 -10.776      0.0000    
 -10.752      0.0000    
 -10.728      0.0000    
 -10.704      0.0000    
 -10.680      0.0000    
 -10.656      0.0000    
 -10.632      0.0000    
 -10.608      0.0000    
 -10.584      0.0000    
 -10.560      0.0000    
 -10.536      0.0000    
 -10.512      0.0000    
 -10.488      0.0000    
 -10.464      0.0000    
 -10.440      0.0000    
 -10.416      0.0000    
 -10.392      0.0000    
 -10.368      0.0000    
 -10.344      0.0000    
 -10.320      0.0000    
 -10.296      0.0000    
 -10.272      0.0000    
 -10.248      0.0000    
 -10.224      0.0000    
 -10.200      0.0000    
 -10.176      0.0000    
 -10.152      0.0000    
 -10.128      0.0000    
 -10.104      0.0000    
 -10.080      0.0000    
 -10.056      0.0000    
 -10.032      0.0000    
 -10.008      0.0000    
 -9.9840      0.0000    
 -9.9600      0.0000    
 -9.9360      0.0000    
 -9.9120      0.0000    
 -9.8880      0.0000    
 -9.8640      0.0000    
 -9.8400      0.0000    
 -9.8160      0.0000    
 -9.7920      0.0000    
 -9.7680      0.0000    
 -9.7440      0.0000    
 -9.7200      0.0000    
 -9.6960      0.0000    
 -9.6720      0.0000    
 -9.6480      0.0000    
 -9.6240      0.0000    
 -9.6000      0.0000    
 -9.5760      0.0000    
 -9.5520      0.0000    
 -9.5280      0.0000    
 -9.5040      0.0000    
 -9.4800      0.0000    
 -9.4560      0.0000    
 -9.4320      0.0000    
 -9.4080      0.0000    
 -9.3840      0.0000    
 -9.3600      0.0000    
 -9.3360      0.0000    
 -9.3120      0.0000    
 -9.2880      0.0000    
 -9.2640      0.0000    
 -9.2400      0.0000    
 -9.2160      0.0000    
 -9.1920      0.0000    
 -9.1680      0.0000    
 -9.1440      0.0000    
 -9.1200      0.0000    
 -9.0960      0.0000    
 -9.0720      0.0000    
 -9.0480      0.0000    
 -9.0240      0.0000    
 -9.0000      0.0000    
 -8.9760      0.0000    
 -8.9520      0.0000    
 -8.9280      0.0000    
 -8.9040      0.0000    
 -8.8800      0.0000    
 -8.8560      0.0000    
 -8.8320      0.0000    
 -8.8080      0.0000    
 -8.7840      0.0000    
 -8.7600      0.0000    
 -8.7360      0.0000    
 -8.7120      0.0000    
 -8.6880      0.0000    
 -8.6640      0.0000    
 -8.6400      0.0000    
 -8.6160      0.0000    
 -8.5920      0.0000    
 -8.5680      0.0000    
 -8.5440      0.0000    
 -8.5200      0.0000    
 -8.4960      0.0000    
 -8.4720      0.0000    
 -8.4480      0.0000    
 -8.4240      0.0000    
 -8.4000      0.0000    
 -8.3760      0.0000    
 -8.3520      0.0000    
 -8.3280      0.0000    
 -8.3040      0.0000    
 -8.2800      0.0000    
 -8.2560      0.0000    
 -8.2320      0.0000    
 -8.2080      0.0000    
 -8.1840      0.0000    
 -8.1600      0.0000    
 -8.1360      0.0000    
 -8.1120      0.0000    
 -8.0880      0.0000    
 -8.0640      0.0000    
 -8.0400      0.0000    
 -8.0160      0.0000    
 -7.9920      0.0000    
 -7.9680      0.0000    
 -7.9440      0.0000    
 -7.9200      0.0000    
 -7.8960      0.0000    
 -7.8720      0.0000    
 -7.8480      0.0000    
 -7.8240      0.0000    
 -7.8000      0.0000    
 -7.7760      0.0000    
 -7.7520      0.0000    
 -7.7280      0.0000    
 -7.7040      0.0000    
 -7.6800      0.0000    
 -7.6560      0.0000    
 -7.6320      0.0000    
 -7.6080      0.0000    
 -7.5840      0.0000    
 -7.5600      0.0000    
 -7.5360      0.0000    
 -7.5120      0.0000    
 -7.4880      0.0000    
 -7.4640      0.0000    
 -7.4400      0.0000    
 -7.4160      0.0000    
 -7.3920      0.0000    
 -7.3680      0.0000    
 -7.3440      0.0000    
 -7.3200      0.0000    
 -7.2960      0.0000    
 -7.2720      0.0000    
 -7.2480      0.0000    
 -7.2240      0.0000    
 -7.2000      0.0000    
 -7.1760      0.0000    
 -7.1520      0.0000    
 -7.1280      0.0000    
 -7.1040      0.0000    
 -7.0800      0.0000    
 -7.0560      0.0000    
 -7.0320      0.0000    
 -7.0080      0.0000    
 -6.9840      0.0000    
 -6.9600      0.0000    
 -6.9360      0.0000    
 -6.9120      0.0000    
 -6.8880      0.0000    
 -6.8640      0.0000    
 -6.8400      0.0000    
 -6.8160      0.0000    
 -6.7920      0.0000    
 -6.7680      0.0000    
 -6.7440      0.0000    
 -6.7200      0.0000    
 -6.6960      0.0000    
 -6.6720      0.0000    
 -6.6480      0.0000    
 -6.6240      0.0000    
 -6.6000      0.0000    
 -6.5760      0.0000    
 -6.5520      0.0000    
 -6.5280      0.0000    
 -6.5040      0.0000    
 -6.4800      0.0000    
 -6.4560      0.0000    
 -6.4320      0.0000    
 -6.4080      0.0000    
 -6.3840      0.0000    
 -6.3600      0.0000    
 -6.3360      0.0000    
 -6.3120      0.0000    
 -6.2880      0.0000    
 -6.2640      0.0000    
 -6.2400      0.0000    
 -6.2160      0.0000    
 -6.1920      0.0000    
 -6.1680      0.0000    
 -6.1440      0.0000    
 -6.1200      0.0000    
 -6.0960      0.0000    
 -6.0720      0.0000    
 -6.0480      0.0000    
 -6.0240      0.0000    
 -6.0000      0.0000    
 -5.9760     0.31250E-01
 -5.9520     0.58333E-01
 -5.9280     0.54166E-01
 -5.9040     0.66666E-01
 -5.8800     0.52083E-01
 -5.8560     0.47916E-01
 -5.8320     0.54166E-01
 -5.8080     0.62500E-01
 -5.7840     0.56250E-01
 -5.7600     0.60416E-01
 -5.7360     0.52083E-01
 -5.7120     0.52083E-01
 -5.6880     0.62500E-01
 -5.6640     0.52083E-01
 -5.6400     0.54166E-01
 -5.6160     0.43750E-01
 -5.5920     0.37500E-01
 -5.5680     0.33333E-01
 -5.5440     0.47916E-01
 -5.5200     0.43750E-01
 -5.4960     0.47916E-01
 -5.4720     0.52083E-01
 -5.4480     0.39583E-01
 -5.4240     0.45833E-01
 -5.4000     0.43750E-01
 -5.3760     0.64583E-01
 -5.3520     0.45833E-01
 -5.3280     0.52083E-01
 -5.3040     0.52083E-01
 -5.2800     0.43750E-01
 -5.2560     0.33333E-01
 -5.2320     0.52083E-01
 -5.2080     0.50000E-01
 -5.1840     0.58333E-01
 -5.1600     0.47916E-01
 -5.1360     0.50000E-01
 -5.1120     0.50000E-01
 -5.0880     0.43750E-01
 -5.0640     0.56250E-01
 -5.0400     0.60416E-01
 -5.0160     0.60416E-01
 -4.9920     0.56250E-01
 -4.9680     0.54166E-01
 -4.9440     0.60416E-01
 -4.9200     0.47916E-01
 -4.8960     0.58333E-01
 -4.8720     0.60416E-01
 -4.8480     0.50000E-01
 -4.8240     0.56250E-01
 -4.8000     0.35416E-01
 -4.7760     0.68750E-01
 -4.7520     0.54166E-01
 -4.7280     0.45833E-01
 -4.7040     0.43750E-01
 -4.6800     0.31250E-01
 -4.6560     0.66666E-01
 -4.6320     0.47916E-01
 -4.6080     0.43750E-01
 -4.5840     0.52083E-01
 -4.5600     0.41666E-01
 -4.5360     0.45833E-01
 -4.5120     0.33333E-01
 -4.4880     0.58333E-01
 -4.4640     0.47916E-01
 -4.4400     0.60416E-01
 -4.4160     0.45833E-01
 -4.3920     0.41666E-01
 -4.3680     0.43750E-01
 -4.3440     0.37500E-01
 -4.3200     0.50000E-01
 -4.2960     0.60416E-01
 -4.2720     0.56250E-01
 -4.2480     0.64583E-01
 -4.2240     0.47916E-01
 -4.2000     0.64583E-01
 -4.1760     0.41666E-01
 -4.1520     0.29166E-01
 -4.1280     0.54166E-01
 -4.1040     0.58333E-01
 -4.0800     0.35416E-01
 -4.0560     0.58333E-01
 -4.0320     0.50000E-01
 -4.0080     0.64583E-01
 -3.9840     0.29166E-01
 -3.9600     0.58333E-01
 -3.9360     0.43750E-01
 -3.9120     0.60416E-01
 -3.8880     0.54166E-01
 -3.8640     0.47916E-01
 -3.8400     0.81249E-01
 -3.8160     0.47916E-01
 -3.7920     0.47916E-01
 -3.7680     0.58333E-01
 -3.7440     0.52083E-01
 -3.7200     0.41666E-01
 -3.6960     0.43750E-01
 -3.6720     0.45833E-01
 -3.6480     0.35416E-01
 -3.6240     0.60416E-01
 -3.6000     0.54166E-01
 -3.5760     0.64583E-01
 -3.5520     0.39583E-01
 -3.5280     0.45833E-01
 -3.5040     0.54166E-01
 -3.4800     0.35416E-01
 -3.4560     0.43750E-01
 -3.4320     0.39583E-01
 -3.4080     0.43750E-01
 -3.3840     0.45833E-01
 -3.3600     0.58333E-01
 -3.3360     0.50000E-01
 -3.3120     0.60416E-01
 -3.2880     0.29166E-01
 -3.2640     0.52083E-01
 -3.2400     0.62500E-01
 -3.2160     0.52083E-01
 -3.1920     0.64583E-01
 -3.1680     0.39583E-01
 -3.1440     0.39583E-01
 -3.1200     0.50000E-01
 -3.0960     0.45833E-01
 -3.0720     0.56250E-01
 -3.0480     0.58333E-01
 -3.0240     0.52083E-01
 -3.0000     0.35416E-01
 -2.9760     0.60416E-01
 -2.9520     0.62500E-01
 -2.9280     0.41666E-01
 -2.9040     0.52083E-01
 -2.8800     0.79166E-01
 -2.8560     0.54166E-01
 -2.8320     0.47916E-01
 -2.8080     0.39583E-01
 -2.7840     0.62500E-01
 -2.7600     0.68750E-01
 -2.7360     0.41666E-01
 -2.7120     0.41666E-01
 -2.6880     0.37500E-01
 -2.6640     0.64583E-01
 -2.6400     0.37500E-01
 -2.6160     0.52083E-01
 -2.5920     0.64583E-01
 -2.5680     0.58333E-01
 -2.5440     0.16667E-01
 -2.5200     0.43750E-01
 -2.4960     0.45833E-01
 -2.4720     0.41666E-01
 -2.4480     0.52083E-01
 -2.4240     0.41666E-01
 -2.4000     0.45833E-01
 -2.3760     0.37500E-01
 -2.3520     0.52083E-01
 -2.3280     0.70833E-01
 -2.3040     0.39583E-01
 -2.2800     0.60416E-01
 -2.2560     0.47916E-01
 -2.2320     0.58333E-01
 -2.2080     0.50000E-01
 -2.1840     0.45833E-01
 -2.1600     0.62500E-01
 -2.1360     0.68750E-01
 -2.1120     0.62500E-01
 -2.0880     0.41666E-01
 -2.0640     0.39583E-01
 -2.0400     0.50000E-01
 -2.0160     0.54166E-01
 -1.9920     0.79166E-01
 -1.9680     0.17500    
 -1.9440     0.14792    
 -1.9200     0.12708    
 -1.8960     0.16250    
 -1.8720     0.11667    
 -1.8480     0.14167    
 -1.8240     0.18542    
 -1.8000     0.17917    
 -1.7760     0.12917    
 -1.7520     0.16875    
 -1.7280     0.14167    
 -1.7040     0.13958    
 -1.6800     0.17500    
 -1.6560     0.15833    
 -1.6320     0.13958    
 -1.6080     0.14792    
 -1.5840     0.13958    
 -1.5600     0.15208    
 -1.5360     0.13958    
 -1.5120     0.11042    
 -1.4880     0.16875    
 -1.4640     0.17083    
 -1.4400     0.14167    
 -1.4160     0.15417    
 -1.3920     0.15417    
 -1.3680     0.14375    
 -1.3440     0.16667    
 -1.3200     0.17500    
 -1.2960     0.17917    
 -1.2720     0.20625    
 -1.2480     0.11042    
 -1.2240     0.15625    
 -1.2000     0.16042    
 -1.1760     0.12292    
 -1.1520     0.12083    
 -1.1280     0.14792    
 -1.1040     0.15000    
 -1.0800     0.21250    
 -1.0560     0.11875    
 -1.0320     0.12708    
 -1.0080     0.13542    
-0.98400     0.12500    
-0.96000     0.18750    
-0.93600     0.13958    
-0.91200     0.10833    
-0.88800     0.16875    
-0.86400     0.17917    
-0.84000     0.17083    
-0.81600     0.15208    
-0.79200     0.12708    
-0.76800     0.14583    
-0.74400     0.15208    
-0.72000     0.19792    
-0.69600     0.15208    
-0.67200     0.14375    
-0.64800     0.10208    
-0.62400     0.13333    
-0.60000     0.14375    
-0.57600     0.13542    
-0.55200     0.14167    
-0.52800     0.16250    
-0.50400     0.18958    
-0.48000     0.12083    
-0.45600     0.13750    
-0.43200     0.14583    
-0.40800     0.13750    
-0.38400     0.14375    
-0.36000     0.13958    
-0.33600     0.11042    
-0.31200     0.15000    
-0.28800     0.11458    
-0.26400     0.12083    
-0.24000     0.18542    
-0.21600     0.16667    
-0.19200     0.14375    
-0.16800     0.12917    
-0.14400     0.11667    
-0.12000     0.17708    
-0.96000E-01 0.15625    
-0.72000E-01 0.13125    
-0.48000E-01 0.10208    
-0.24000E-01 0.15417    
  0.0000     0.14167    
 0.24000E-01 0.13125    
 0.48000E-01 0.19167    
 0.72000E-01 0.14583    
 0.96000E-01 0.15833    
 0.12000     0.17708    
 0.14400     0.13542    
 0.16800     0.17500    
 0.19200     0.13333    
 0.21600     0.19375    
 0.24000     0.16875    
 0.26400     0.14375    
 0.28800     0.12292    
 0.31200     0.14583    
 0.33600     0.14792    
 0.36000     0.17500    
 0.38400     0.16042    
 0.40800     0.12917    
 0.43200     0.14167    
 0.45600     0.15208    
 0.48000     0.15625    
 0.50400     0.16042    
 0.52800     0.17708    
 0.55200     0.11042    
 0.57600     0.17083    
 0.60000     0.13542    
 0.62400     0.15625    
 0.64800     0.12917    
 0.67200     0.13958    
 0.69600     0.17708    
 0.72000     0.14375    
 0.74400     0.13750    
 0.76800     0.16042    
 0.79200     0.20833    
 0.81600     0.16667    
 0.84000     0.15625    
 0.86400     0.14583    
 0.88800     0.12083    
 0.91200     0.11042    
 0.93600     0.16042    
 0.96000     0.14792    
 0.98400     0.18542    
  1.0080     0.14792    
  1.0320     0.17917    
  1.0560     0.16875    
  1.0800     0.11875    
  1.1040     0.12917    
  1.1280     0.13958    
  1.1520     0.14167    
  1.1760     0.17292    
  1.2000     0.13958    
  1.2240     0.14792    
  1.2480     0.14167    
  1.2720     0.11667    
  1.2960     0.11458    
  1.3200     0.10208    
  1.3440     0.16250    
  1.3680     0.13542    
  1.3920     0.16458    
  1.4160     0.13958    
  1.4400     0.16250    
  1.4640     0.12083    
  1.4880     0.11250    
  1.5120     0.12083    
  1.5360     0.16458    
  1.5600     0.12708    
  1.5840     0.15833    
  1.6080     0.12500    
  1.6320     0.13125    
  1.6560     0.15000    
  1.6800     0.17917    
  1.7040     0.13542    
  1.7280     0.16042    
  1.7520     0.17708    
  1.7760     0.13958    
  1.8000     0.19375    
  1.8240     0.11250    
  1.8480     0.12500    
  1.8720     0.15417    
  1.8960     0.18750    
  1.9200     0.13542    
  1.9440     0.17083    
  1.9680     0.19167    
  1.9920     0.17292    
  2.0160     0.58333E-01
  2.0400     0.58333E-01
  2.0640     0.43750E-01
  2.0880     0.60416E-01
  2.1120     0.54166E-01
  2.1360     0.47916E-01
  2.1600     0.81249E-01
  2.1840     0.47916E-01
  2.2080     0.47916E-01
  2.2320     0.58333E-01
  2.2560     0.52083E-01
  2.2800     0.41666E-01
  2.3040     0.43750E-01
  2.3280     0.45833E-01
  2.3520     0.35416E-01
  2.3760     0.60416E-01
  2.4000     0.54166E-01
  2.4240     0.64583E-01
  2.4480     0.39583E-01
  2.4720     0.45833E-01
  2.4960     0.54166E-01
  2.5200     0.35416E-01
  2.5440     0.43750E-01
  2.5680     0.39583E-01
  2.5920     0.43750E-01
  2.6160     0.45833E-01
  2.6400     0.58333E-01
  2.6640     0.50000E-01
  2.6880     0.60416E-01
  2.7120     0.29166E-01
  2.7360     0.52083E-01
  2.7600     0.62500E-01
  2.7840     0.52083E-01
  2.8080     0.64583E-01
  2.8320     0.39583E-01
  2.8560     0.39583E-01
  2.8800     0.50000E-01
  2.9040     0.45833E-01
  2.9280     0.56250E-01
  2.9520     0.58333E-01
  2.9760     0.52083E-01
  3.0000     0.35416E-01
  3.0240     0.60416E-01
  3.0480     0.62500E-01
  3.0720     0.41666E-01
  3.0960     0.52083E-01
  3.1200     0.79166E-01
  3.1440     0.54166E-01
  3.1680     0.47916E-01
  3.1920     0.39583E-01
  3.2160     0.62500E-01
  3.2400     0.68750E-01
  3.2640     0.41666E-01
  3.2880     0.41666E-01
  3.3120     0.37500E-01
  3.3360     0.64583E-01
  3.3600     0.37500E-01
  3.3840     0.52083E-01
  3.4080     0.64583E-01
  3.4320     0.58333E-01
  3.4560     0.16667E-01
  3.4800     0.43750E-01
  3.5040     0.45833E-01
  3.5280     0.41666E-01
  3.5520     0.52083E-01
  3.5760     0.41666E-01
  3.6000     0.45833E-01
  3.6240     0.37500E-01
  3.6480     0.52083E-01
  3.6720     0.70833E-01
  3.6960     0.39583E-01
  3.7200     0.60416E-01
  3.7440     0.47916E-01
  3.7680     0.58333E-01
  3.7920     0.50000E-01
  3.8160     0.45833E-01
  3.8400     0.62500E-01
  3.8640     0.68750E-01
  3.8880     0.62500E-01
  3.9120     0.41666E-01
  3.9360     0.39583E-01
  3.9600     0.50000E-01
  3.9840     0.54166E-01
  4.0080     0.50000E-01
  4.0320     0.62500E-01
  4.0560     0.72916E-01
  4.0800     0.64583E-01
  4.1040     0.54166E-01
  4.1280     0.33333E-01
  4.1520     0.58333E-01
  4.1760     0.60416E-01
  4.2000     0.45833E-01
  4.2240     0.45833E-01
  4.2480     0.56250E-01
  4.2720     0.50000E-01
  4.2960     0.47916E-01
  4.3200     0.62500E-01
  4.3440     0.62500E-01
  4.3680     0.56250E-01
  4.3920     0.39583E-01
  4.4160     0.60416E-01
  4.4400     0.56250E-01
  4.4640     0.39583E-01
  4.4880     0.47916E-01
  4.5120     0.47916E-01
  4.5360     0.58333E-01
  4.5600     0.45833E-01
  4.5840     0.50000E-01
  4.6080     0.50000E-01
  4.6320     0.35416E-01
  4.6560     0.62500E-01
  4.6800     0.58333E-01
  4.7040     0.58333E-01
  4.7280     0.52083E-01
  4.7520     0.43750E-01
  4.7760     0.68750E-01
  4.8000     0.43750E-01
  4.8240     0.31250E-01
  4.8480     0.45833E-01
  4.8720     0.39583E-01
  4.8960     0.45833E-01
  4.9200     0.50000E-01
  4.9440     0.47916E-01
  4.9680     0.56250E-01
  4.9920     0.43750E-01
  5.0160     0.62500E-01
  5.0400     0.58333E-01
  5.0640     0.56250E-01
  5.0880     0.50000E-01
  5.1120     0.43750E-01
  5.1360     0.70833E-01
  5.1600     0.50000E-01
  5.1840     0.52083E-01
  5.2080     0.60416E-01
  5.2320     0.45833E-01
  5.2560     0.56250E-01
  5.2800     0.56250E-01
  5.3040     0.47916E-01
  5.3280     0.56250E-01
  5.3520     0.31250E-01
  5.3760     0.45833E-01
  5.4000     0.47916E-01
  5.4240     0.52083E-01
  5.4480     0.50000E-01
  5.4720     0.50000E-01
  5.4960     0.31250E-01
  5.5200     0.54166E-01
  5.5440     0.54166E-01
  5.5680     0.62500E-01
  5.5920     0.45833E-01
  5.6160     0.56250E-01
  5.6400     0.47916E-01
  5.6640     0.56250E-01
  5.6880     0.41666E-01
  5.7120     0.35416E-01
  5.7360     0.45833E-01
  5.7600     0.52083E-01
  5.7840     0.62500E-01
  5.8080     0.39583E-01
  5.8320     0.41666E-01
  5.8560     0.58333E-01
  5.8800     0.52083E-01
  5.9040     0.56250E-01
  5.9280     0.43750E-01
  5.9520     0.39583E-01
  5.9760     0.33333E-01
  6.0000     0.50000E-01
  6.0240      0.0000    
  6.0480      0.0000    
  6.0720      0.0000    
  6.0960      0.0000    
  6.1200      0.0000    
  6.1440      0.0000    
  6.1680      0.0000    
  6.1920      0.0000    
  6.2160      0.0000    
  6.2400      0.0000    
  6.2640      0.0000    
  6.2880      0.0000    
  6.3120      0.0000    
  6.3360      0.0000    
  6.3600      0.0000    
  6.3840      0.0000    
  6.4080      0.0000    
  6.4320      0.0000    
  6.4560      0.0000    
  6.4800      0.0000    
  6.5040      0.0000    
  6.5280      0.0000    
  6.5520      0.0000    
  6.5760      0.0000    
  6.6000      0.0000    
  6.6240      0.0000    
  6.6480      0.0000    
  6.6720      0.0000    
  6.6960      0.0000    
  6.7200      0.0000    
  6.7440      0.0000    
  6.7680      0.0000    
  6.7920      0.0000    
  6.8160      0.0000    
  6.8400      0.0000    
  6.8640      0.0000    
  6.8880      0.0000    
  6.9120      0.0000    
  6.9360      0.0000    
  6.9600      0.0000    
  6.9840      0.0000    
  7.0080      0.0000    
  7.0320      0.0000    
  7.0560      0.0000    
  7.0800      0.0000    
  7.1040      0.0000    
  7.1280      0.0000    
  7.1520      0.0000    
  7.1760      0.0000    
  7.2000      0.0000    
  7.2240      0.0000    
  7.2480      0.0000    
  7.2720      0.0000    
  7.2960      0.0000    
  7.3200      0.0000    
  7.3440      0.0000    
  7.3680      0.0000    
  7.3920      0.0000    
  7.4160      0.0000    
  7.4400      0.0000    
  7.4640      0.0000    
  7.4880      0.0000    
  7.5120      0.0000    
  7.5360      0.0000    
  7.5600      0.0000    
  7.5840      0.0000    
  7.6080      0.0000    
  7.6320      0.0000    
  7.6560      0.0000    
  7.6800      0.0000    
  7.7040      0.0000    
  7.7280      0.0000    
  7.7520      0.0000    
  7.7760      0.0000    
  7.8000      0.0000    
  7.8240      0.0000    
  7.8480      0.0000    
  7.8720      0.0000    
  7.8960      0.0000    
  7.9200      0.0000    
  7.9440      0.0000    
  7.9680      0.0000    
  7.9920      0.0000    
  8.0160      0.0000    
  8.0400      0.0000    
  8.0640      0.0000    
  8.0880      0.0000    
  8.1120      0.0000    
  8.1360      0.0000    
  8.1600      0.0000    
  8.1840      0.0000    
  8.2080      0.0000    
  8.2320      0.0000    
  8.2560      0.0000    
  8.2800      0.0000    
  8.3040      0.0000    
  8.3280      0.0000    
  8.3520      0.0000    
  8.3760      0.0000    
  8.4000      0.0000    
  8.4240      0.0000    
  8.4480      0.0000    
  8.4720      0.0000    
  8.4960      0.0000    
  8.5200      0.0000    
  8.5440      0.0000    
  8.5680      0.0000    
  8.5920      0.0000    
  8.6160      0.0000    
  8.6400      0.0000    
  8.6640      0.0000    
  8.6880      0.0000    
  8.7120      0.0000    
  8.7360      0.0000    
  8.7600      0.0000    
  8.7840      0.0000    
  8.8080      0.0000    
  8.8320      0.0000    
  8.8560      0.0000    
  8.8800      0.0000    
  8.9040      0.0000    
  8.9280      0.0000    
  8.9520      0.0000    
  8.9760      0.0000    
  9.0000      0.0000    
  9.0240      0.0000    
  9.0480      0.0000    
  9.0720      0.0000    
  9.0960      0.0000    
  9.1200      0.0000    
  9.1440      0.0000    
  9.1680      0.0000    
  9.1920      0.0000    
  9.2160      0.0000    
  9.2400      0.0000    
  9.2640      0.0000    
  9.2880      0.0000    
  9.3120      0.0000    
  9.3360      0.0000    
  9.3600      0.0000    
  9.3840      0.0000    
  9.4080      0.0000    
  9.4320      0.0000    
  9.4560      0.0000    
  9.4800      0.0000    
  9.5040      0.0000    
  9.5280      0.0000    
  9.5520      0.0000    
  9.5760      0.0000    
  9.6000      0.0000    
  9.6240      0.0000    
  9.6480      0.0000    
  9.6720      0.0000    
  9.6960      0.0000    
  9.7200      0.0000    
  9.7440      0.0000    
  9.7680      0.0000    
  9.7920      0.0000    
  9.8160      0.0000    
  9.8400      0.0000    
  9.8640      0.0000    
  9.8880      0.0000    
  9.9120      0.0000    
  9.9360      0.0000    
  9.9600      0.0000    
  9.9840      0.0000    
  10.008      0.0000    
  10.032      0.0000    
  10.056      0.0000    
  10.080      0.0000    
  10.104      0.0000    
  10.128      0.0000    
  10.152      0.0000    
  10.176      0.0000    
  10.200      0.0000    
  10.224      0.0000    
  10.248      0.0000    
  10.272      0.0000    
  10.296      0.0000    
  10.320      0.0000    
  10.344      0.0000    
  10.368      0.0000    
  10.392      0.0000    
  10.416      0.0000    
  10.440      0.0000    
  10.464      0.0000    
  10.488      0.0000    
  10.512      0.0000    
  10.536      0.0000    
  10.560      0.0000    
  10.584      0.0000    
  10.608      0.0000    
  10.632      0.0000    
  10.656      0.0000    
  10.680      0.0000    
  10.704      0.0000    
  10.728      0.0000    
  10.752      0.0000    
  10.776      0.0000    
  10.800      0.0000    
  10.824      0.0000    
  10.848      0.0000    
  10.872      0.0000    
  10.896      0.0000    
  10.920      0.0000    
  10.944      0.0000    
  10.968      0.0000    
  10.992      0.0000    
  11.016      0.0000    
  11.040      0.0000    
  11.064      0.0000    
  11.088      0.0000    
  11.112      0.0000    
  11.136      0.0000    
  11.160      0.0000    
  11.184      0.0000    
  11.208      0.0000    
  11.232      0.0000    
  11.256      0.0000    
  11.280      0.0000    
  11.304      0.0000    
  11.328      0.0000    
  11.352      0.0000    
  11.376      0.0000    
  11.400      0.0000    
  11.424      0.0000    
  11.448      0.0000    
  11.472      0.0000    
  11.496      0.0000    
  11.520      0.0000    
  11.544      0.0000    
  11.568      0.0000    
  11.592      0.0000    
  11.616      0.0000    
  11.640      0.0000    
  11.664      0.0000    
  11.688      0.0000    
  11.712      0.0000    
  11.736      0.0000    
  11.760      0.0000    
  11.784      0.0000    
  11.808      0.0000    
  11.832      0.0000    
  11.856      0.0000    
  11.880      0.0000    
  11.904      0.0000    
  11.928      0.0000    
  11.952      0.0000    
  11.976      0.0000    
  12.000      0.0000    
